501
10
0.000000 0.000258 -0.000509 0.001088 0.000000 0.000000 0.000000 0.000000 0.000000 0.000000 0.000000 0.000000
0.020000 0.206641 -0.159797 0.227834 0.000000 0.000000 0.000000 0.000000 0.000000 0.000000 0.000000 0.000000
0.040000 0.403550 -0.328553 0.442028 0.000000 0.000000 0.000000 0.000000 0.000000 0.000000 0.000000 0.000000
0.060000 0.578182 -0.495293 0.632354 0.000000 0.000000 0.000000 0.000000 0.000000 0.000000 0.000000 0.000000
0.080000 0.718247 -0.648216 0.789234 0.000000 0.000000 0.000000 0.000000 0.000000 0.000000 0.000000 0.000000
0.100000 0.813035 -0.776080 0.905384 0.000000 0.000000 0.000000 0.000000 0.000000 0.000000 0.000000 0.000000
0.120000 0.854397 -0.869061 0.976206 0.000000 0.000000 0.000000 0.000000 0.000000 0.000000 0.000000 0.000000
0.140000 0.837577 -0.919519 1.000000 0.000000 0.000000 0.000000 0.000000 0.000000 0.000000 0.000000 0.000000
0.160000 0.761791 -0.922616 0.977983 0.000000 0.000000 0.000000 0.000000 0.000000 0.000000 0.000000 0.000000
0.180000 0.630507 -0.876746 0.914119 0.000000 0.000000 0.000000 0.000000 0.000000 0.000000 0.000000 0.000000
0.200000 0.451388 -0.783715 0.814774 0.000000 0.000000 0.000000 0.000000 0.000000 0.000000 0.000000 0.000000
0.220000 0.235890 -0.648695 0.688226 0.000000 0.000000 0.000000 0.000000 0.000000 0.000000 0.000000 0.000000
0.240000 -0.001467 -0.479907 0.544065 0.000000 0.000000 0.000000 0.000000 0.000000 0.000000 0.000000 0.000000
0.260000 -0.244102 -0.288090 0.392531 0.000000 0.000000 0.000000 0.000000 0.000000 0.000000 0.000000 0.000000
0.280000 -0.474573 -0.085773 0.243820 0.000000 0.000000 0.000000 0.000000 0.000000 0.000000 0.000000 0.000000
0.300000 -0.675888 0.113592 0.107436 0.000000 0.000000 0.000000 0.000000 0.000000 0.000000 0.000000 0.000000
0.320000 -0.832815 0.296576 -0.008403 0.000000 0.000000 0.000000 0.000000 0.000000 0.000000 0.000000 0.000000
0.340000 -0.933090 0.450723 -0.097244 0.000000 0.000000 0.000000 0.000000 0.000000 0.000000 0.000000 0.000000
0.360000 -0.968420 0.565443 -0.154738 0.000000 0.000000 0.000000 0.000000 0.000000 0.000000 0.000000 0.000000
0.380000 -0.935196 0.632775 -0.178834 0.000000 0.000000 0.000000 0.000000 0.000000 0.000000 0.000000 0.000000
0.400000 -0.834852 0.647965 -0.169796 0.000000 0.000000 0.000000 0.000000 0.000000 0.000000 0.000000 0.000000
0.420000 -0.673838 0.609821 -0.130081 0.000000 0.000000 0.000000 0.000000 0.000000 0.000000 0.000000 0.000000
0.440000 -0.463195 0.520814 -0.064055 0.000000 0.000000 0.000000 0.000000 0.000000 0.000000 0.000000 0.000000
0.460000 -0.217779 0.386919 0.022388 0.000000 0.000000 0.000000 0.000000 0.000000 0.000000 0.000000 0.000000
0.480000 0.044839 0.217204 0.122308 0.000000 0.000000 0.000000 0.000000 0.000000 0.000000 0.000000 0.000000
0.500000 0.305678 0.023206 0.228238 0.000000 0.000000 0.000000 0.000000 0.000000 0.000000 0.000000 0.000000
0.520000 0.545780 -0.181870 0.332719 0.000000 0.000000 0.000000 0.000000 0.000000 0.000000 0.000000 0.000000
0.540000 0.747652 -0.384064 0.428794 0.000000 0.000000 0.000000 0.000000 0.000000 0.000000 0.000000 0.000000
0.560000 0.896590 -0.569626 0.510454 0.000000 0.000000 0.000000 0.000000 0.000000 0.000000 0.000000 0.000000
0.580000 0.981803 -0.725957 0.572978 0.000000 0.000000 0.000000 0.000000 0.000000 0.000000 0.000000 0.000000
0.600000 0.997220 -0.842461 0.613168 0.000000 0.000000 0.000000 0.000000 0.000000 0.000000 0.000000 0.000000
0.620000 0.941939 -0.911254 0.629455 0.000000 0.000000 0.000000 0.000000 0.000000 0.000000 0.000000 0.000000
0.640000 0.820270 -0.927670 0.621890 0.000000 0.000000 0.000000 0.000000 0.000000 0.000000 0.000000 0.000000
0.660000 0.641369 -0.890543 0.592005 0.000000 0.000000 0.000000 0.000000 0.000000 0.000000 0.000000 0.000000
0.680000 0.418502 -0.802241 0.542586 0.000000 0.000000 0.000000 0.000000 0.000000 0.000000 0.000000 0.000000
0.700000 0.167985 -0.668449 0.477362 0.000000 0.000000 0.000000 0.000000 0.000000 0.000000 0.000000 0.000000
0.720000 -0.092099 -0.497742 0.400647 0.000000 0.000000 0.000000 0.000000 0.000000 0.000000 0.000000 0.000000
0.740000 -0.343310 -0.300952 0.316966 0.000000 0.000000 0.000000 0.000000 0.000000 0.000000 0.000000 0.000000
0.760000 -0.568277 -0.090408 0.230689 0.000000 0.000000 0.000000 0.000000 0.000000 0.000000 0.000000 0.000000
0.780000 -0.752026 0.120913 0.145714 0.000000 0.000000 0.000000 0.000000 0.000000 0.000000 0.000000 0.000000
0.800000 -0.883088 0.320255 0.065205 0.000000 0.000000 0.000000 0.000000 0.000000 0.000000 0.000000 0.000000
0.820000 -0.954338 0.495906 -0.008583 0.000000 0.000000 0.000000 0.000000 0.000000 0.000000 0.000000 0.000000
0.840000 -0.963455 0.637928 -0.074391 0.000000 0.000000 0.000000 0.000000 0.000000 0.000000 0.000000 0.000000
0.860000 -0.913010 0.738736 -0.131945 0.000000 0.000000 0.000000 0.000000 0.000000 0.000000 0.000000 0.000000
0.880000 -0.810158 0.793493 -0.181863 0.000000 0.000000 0.000000 0.000000 0.000000 0.000000 0.000000 0.000000
0.900000 -0.665972 0.800302 -0.225486 0.000000 0.000000 0.000000 0.000000 0.000000 0.000000 0.000000 0.000000
0.920000 -0.494476 0.760190 -0.264656 0.000000 0.000000 0.000000 0.000000 0.000000 0.000000 0.000000 0.000000
0.940000 -0.311461 0.676894 -0.301459 0.000000 0.000000 0.000000 0.000000 0.000000 0.000000 0.000000 0.000000
0.960000 -0.133183 0.556466 -0.337960 0.000000 0.000000 0.000000 0.000000 0.000000 0.000000 0.000000 0.000000
0.980000 0.024948 0.406750 -0.375962 0.000000 0.000000 0.000000 0.000000 0.000000 0.000000 0.000000 0.000000
1.000000 0.149596 0.236766 -0.416794 0.000000 0.000000 0.000000 0.000000 0.000000 0.000000 0.000000 0.000000
1.020000 0.230517 0.056046 -0.461171 0.000000 0.000000 0.000000 0.000000 0.000000 0.000000 0.000000 0.000000
1.040000 0.261325 -0.126007 -0.509104 0.000000 0.000000 0.000000 0.000000 0.000000 0.000000 0.000000 0.000000
1.060000 0.239922 -0.300715 -0.559909 0.000000 0.000000 0.000000 0.000000 0.000000 0.000000 0.000000 0.000000
1.080000 0.168576 -0.460609 -0.612272 0.000000 0.000000 0.000000 0.000000 0.000000 0.000000 0.000000 0.000000
1.100000 0.053653 -0.599795 -0.664388 0.000000 0.000000 0.000000 0.000000 0.000000 0.000000 0.000000 0.000000
1.120000 -0.094981 -0.714164 -0.714154 0.000000 0.000000 0.000000 0.000000 0.000000 0.000000 0.000000 0.000000
1.140000 -0.264812 -0.801451 -0.759391 0.000000 0.000000 0.000000 0.000000 0.000000 0.000000 0.000000 0.000000
1.160000 -0.441728 -0.861145 -0.798078 0.000000 0.000000 0.000000 0.000000 0.000000 0.000000 0.000000 0.000000
1.180000 -0.611163 -0.894279 -0.828579 0.000000 0.000000 0.000000 0.000000 0.000000 0.000000 0.000000 0.000000
1.200000 -0.759242 -0.903109 -0.849830 0.000000 0.000000 0.000000 0.000000 0.000000 0.000000 0.000000 0.000000
1.220000 -0.873844 -0.890738 -0.861475 0.000000 0.000000 0.000000 0.000000 0.000000 0.000000 0.000000 0.000000
1.240000 -0.945481 -0.860712 -0.863938 0.000000 0.000000 0.000000 0.000000 0.000000 0.000000 0.000000 0.000000
1.260000 -0.967949 -0.816629 -0.858413 0.000000 0.000000 0.000000 0.000000 0.000000 0.000000 0.000000 0.000000
1.280000 -0.938687 -0.761802 -0.846782 0.000000 0.000000 0.000000 0.000000 0.000000 0.000000 0.000000 0.000000
1.300000 -0.858844 -0.698990 -0.831458 0.000000 0.000000 0.000000 0.000000 0.000000 0.000000 0.000000 0.000000
1.320000 -0.733039 -0.630233 -0.815166 0.000000 0.000000 0.000000 0.000000 0.000000 0.000000 0.000000 0.000000
1.340000 -0.568866 -0.556797 -0.800685 0.000000 0.000000 0.000000 0.000000 0.000000 0.000000 0.000000 0.000000
1.360000 -0.376183 -0.479216 -0.790569 0.000000 0.000000 0.000000 0.000000 0.000000 0.000000 0.000000 0.000000
1.380000 -0.166254 -0.397438 -0.786870 0.000000 0.000000 0.000000 0.000000 0.000000 0.000000 0.000000 0.000000
1.400000 0.049171 -0.311040 -0.790895 0.000000 0.000000 0.000000 0.000000 0.000000 0.000000 0.000000 0.000000
1.420000 0.258771 -0.219496 -0.803009 0.000000 0.000000 0.000000 0.000000 0.000000 0.000000 0.000000 0.000000
1.440000 0.452472 -0.122451 -0.822523 0.000000 0.000000 0.000000 0.000000 0.000000 0.000000 0.000000 0.000000
1.460000 0.622128 -0.019995 -0.847655 0.000000 0.000000 0.000000 0.000000 0.000000 0.000000 0.000000 0.000000
1.480000 0.761984 0.087125 -0.875597 0.000000 0.000000 0.000000 0.000000 0.000000 0.000000 0.000000 0.000000
1.500000 0.868930 0.197353 -0.902669 0.000000 0.000000 0.000000 0.000000 0.000000 0.000000 0.000000 0.000000
1.520000 0.942503 0.308268 -0.924565 0.000000 0.000000 0.000000 0.000000 0.000000 0.000000 0.000000 0.000000
1.540000 0.984676 0.416629 -0.936667 0.000000 0.000000 0.000000 0.000000 0.000000 0.000000 0.000000 0.000000
1.560000 0.999457 0.518509 -0.934403 0.000000 0.000000 0.000000 0.000000 0.000000 0.000000 0.000000 0.000000
1.580000 0.992342 0.609529 -0.913636 0.000000 0.000000 0.000000 0.000000 0.000000 0.000000 0.000000 0.000000
1.600000 0.969688 0.685157 -0.871040 0.000000 0.000000 0.000000 0.000000 0.000000 0.000000 0.000000 0.000000
1.620000 0.938065 0.741048 -0.804435 0.000000 0.000000 0.000000 0.000000 0.000000 0.000000 0.000000 0.000000
1.640000 0.903640 0.773403 -0.713063 0.000000 0.000000 0.000000 0.000000 0.000000 0.000000 0.000000 0.000000
1.660000 0.871665 0.779305 -0.597764 0.000000 0.000000 0.000000 0.000000 0.000000 0.000000 0.000000 0.000000
1.680000 0.846087 0.757003 -0.461055 0.000000 0.000000 0.000000 0.000000 0.000000 0.000000 0.000000 0.000000
1.700000 0.829330 0.706122 -0.307076 0.000000 0.000000 0.000000 0.000000 0.000000 0.000000 0.000000 0.000000
1.720000 0.822241 0.627767 -0.141431 0.000000 0.000000 0.000000 0.000000 0.000000 0.000000 0.000000 0.000000
1.740000 0.824199 0.524524 0.029097 0.000000 0.000000 0.000000 0.000000 0.000000 0.000000 0.000000 0.000000
1.760000 0.833367 0.400332 0.196921 0.000000 0.000000 0.000000 0.000000 0.000000 0.000000 0.000000 0.000000
1.780000 0.847044 0.260262 0.354099 0.000000 0.000000 0.000000 0.000000 0.000000 0.000000 0.000000 0.000000
1.800000 0.862075 0.110193 0.492821 0.000000 0.000000 0.000000 0.000000 0.000000 0.000000 0.000000 0.000000
1.820000 0.875279 -0.043572 0.605917 0.000000 0.000000 0.000000 0.000000 0.000000 0.000000 0.000000 0.000000
1.840000 0.883826 -0.194730 0.687320 0.000000 0.000000 0.000000 0.000000 0.000000 0.000000 0.000000 0.000000
1.860000 0.885553 -0.337398 0.732484 0.000000 0.000000 0.000000 0.000000 0.000000 0.000000 0.000000 0.000000
1.880000 0.879159 -0.466508 0.738699 0.000000 0.000000 0.000000 0.000000 0.000000 0.000000 0.000000 0.000000
1.900000 0.864278 -0.578127 0.705295 0.000000 0.000000 0.000000 0.000000 0.000000 0.000000 0.000000 0.000000
1.920000 0.841429 -0.669692 0.633714 0.000000 0.000000 0.000000 0.000000 0.000000 0.000000 0.000000 0.000000
1.940000 0.811844 -0.740132 0.527435 0.000000 0.000000 0.000000 0.000000 0.000000 0.000000 0.000000 0.000000
1.960000 0.777204 -0.789863 0.391775 0.000000 0.000000 0.000000 0.000000 0.000000 0.000000 0.000000 0.000000
1.980000 0.739321 -0.820673 0.233557 0.000000 0.000000 0.000000 0.000000 0.000000 0.000000 0.000000 0.000000
2.000000 0.699805 -0.835487 0.060678 0.000000 0.000000 0.000000 0.000000 0.000000 0.000000 0.000000 0.000000
2.020000 0.659758 -0.838054 -0.118388 0.000000 0.000000 0.000000 0.000000 0.000000 0.000000 0.000000 0.000000
2.040000 0.619539 -0.832559 -0.295130 0.000000 0.000000 0.000000 0.000000 0.000000 0.000000 0.000000 0.000000
2.060000 0.578628 -0.823223 -0.461534 0.000000 0.000000 0.000000 0.000000 0.000000 0.000000 0.000000 0.000000
2.080000 0.535614 -0.813901 -0.610578 0.000000 0.000000 0.000000 0.000000 0.000000 0.000000 0.000000 0.000000
2.100000 0.488311 -0.807724 -0.736648 0.000000 0.000000 0.000000 0.000000 0.000000 0.000000 0.000000 0.000000
2.120000 0.434007 -0.806822 -0.835856 0.000000 0.000000 0.000000 0.000000 0.000000 0.000000 0.000000 0.000000
2.140000 0.369807 -0.812137 -0.906222 0.000000 0.000000 0.000000 0.000000 0.000000 0.000000 0.000000 0.000000
2.160000 0.293046 -0.823359 -0.947721 0.000000 0.000000 0.000000 0.000000 0.000000 0.000000 0.000000 0.000000
2.180000 0.201734 -0.838979 -0.962182 0.000000 0.000000 0.000000 0.000000 0.000000 0.000000 0.000000 0.000000
2.200000 0.094971 -0.856456 -0.953054 0.000000 0.000000 0.000000 0.000000 0.000000 0.000000 0.000000 0.000000
2.220000 -0.026703 -0.872492 -0.925064 0.000000 0.000000 0.000000 0.000000 0.000000 0.000000 0.000000 0.000000
2.240000 -0.161078 -0.883377 -0.883772 0.000000 0.000000 0.000000 0.000000 0.000000 0.000000 0.000000 0.000000
2.260000 -0.304188 -0.885378 -0.835080 0.000000 0.000000 0.000000 0.000000 0.000000 0.000000 0.000000 0.000000
2.280000 -0.450403 -0.875141 -0.784726 0.000000 0.000000 0.000000 0.000000 0.000000 0.000000 0.000000 0.000000
2.300000 -0.592690 -0.850066 -0.737797 0.000000 0.000000 0.000000 0.000000 0.000000 0.000000 0.000000 0.000000
2.320000 -0.723042 -0.808612 -0.698304 0.000000 0.000000 0.000000 0.000000 0.000000 0.000000 0.000000 0.000000
2.340000 -0.833038 -0.750517 -0.668857 0.000000 0.000000 0.000000 0.000000 0.000000 0.000000 0.000000 0.000000
2.360000 -0.914499 -0.676900 -0.650452 0.000000 0.000000 0.000000 0.000000 0.000000 0.000000 0.000000 0.000000
2.380000 -0.960183 -0.590239 -0.642408 0.000000 0.000000 0.000000 0.000000 0.000000 0.000000 0.000000 0.000000
2.400000 -0.964451 -0.494220 -0.642439 0.000000 0.000000 0.000000 0.000000 0.000000 0.000000 0.000000 0.000000
2.420000 -0.923855 -0.393470 -0.646870 0.000000 0.000000 0.000000 0.000000 0.000000 0.000000 0.000000 0.000000
2.440000 -0.837582 -0.293196 -0.650978 0.000000 0.000000 0.000000 0.000000 0.000000 0.000000 0.000000 0.000000
2.460000 -0.707716 -0.198756 -0.649431 0.000000 0.000000 0.000000 0.000000 0.000000 0.000000 0.000000 0.000000
2.480000 -0.539275 -0.115208 -0.636787 0.000000 0.000000 0.000000 0.000000 0.000000 0.000000 0.000000 0.000000
2.500000 -0.340023 -0.046860 -0.608028 0.000000 0.000000 0.000000 0.000000 0.000000 0.000000 0.000000 0.000000
2.520000 -0.120052 0.003122 -0.559066 0.000000 0.000000 0.000000 0.000000 0.000000 0.000000 0.000000 0.000000
2.540000 0.108830 0.033021 -0.487197 0.000000 0.000000 0.000000 0.000000 0.000000 0.000000 0.000000 0.000000
2.560000 0.333872 0.042758 -0.391458 0.000000 0.000000 0.000000 0.000000 0.000000 0.000000 0.000000 0.000000
2.580000 0.542239 0.033951 -0.272855 0.000000 0.000000 0.000000 0.000000 0.000000 0.000000 0.000000 0.000000
2.600000 0.721910 0.009818 -0.134443 0.000000 0.000000 0.000000 0.000000 0.000000 0.000000 0.000000 0.000000
2.620000 0.862515 -0.025049 0.018757 0.000000 0.000000 0.000000 0.000000 0.000000 0.000000 0.000000 0.000000
2.640000 0.956077 -0.065044 0.179999 0.000000 0.000000 0.000000 0.000000 0.000000 0.000000 0.000000 0.000000
2.660000 0.997559 -0.104002 0.341195 0.000000 0.000000 0.000000 0.000000 0.000000 0.000000 0.000000 0.000000
2.680000 0.985199 -0.135715 0.493434 0.000000 0.000000 0.000000 0.000000 0.000000 0.000000 0.000000 0.000000
2.700000 0.920593 -0.154465 0.627572 0.000000 0.000000 0.000000 0.000000 0.000000 0.000000 0.000000 0.000000
2.720000 0.808521 -0.155538 0.734881 0.000000 0.000000 0.000000 0.000000 0.000000 0.000000 0.000000 0.000000
2.740000 0.656521 -0.135657 0.807690 0.000000 0.000000 0.000000 0.000000 0.000000 0.000000 0.000000 0.000000
2.760000 0.474270 -0.093316 0.839989 0.000000 0.000000 0.000000 0.000000 0.000000 0.000000 0.000000 0.000000
2.780000 0.272798 -0.028964 0.827924 0.000000 0.000000 0.000000 0.000000 0.000000 0.000000 0.000000 0.000000
2.800000 0.063623 0.054959 0.770183 0.000000 0.000000 0.000000 0.000000 0.000000 0.000000 0.000000 0.000000
2.820000 -0.142127 0.154172 0.668198 0.000000 0.000000 0.000000 0.000000 0.000000 0.000000 0.000000 0.000000
2.840000 -0.334534 0.262840 0.526181 0.000000 0.000000 0.000000 0.000000 0.000000 0.000000 0.000000 0.000000
2.860000 -0.505575 0.374024 0.350960 0.000000 0.000000 0.000000 0.000000 0.000000 0.000000 0.000000 0.000000
2.880000 -0.649618 0.480215 0.151639 0.000000 0.000000 0.000000 0.000000 0.000000 0.000000 0.000000 0.000000
2.900000 -0.763689 0.573952 -0.060909 0.000000 0.000000 0.000000 0.000000 0.000000 0.000000 0.000000 0.000000
2.920000 -0.847493 0.648443 -0.274684 0.000000 0.000000 0.000000 0.000000 0.000000 0.000000 0.000000 0.000000
2.940000 -0.903188 0.698150 -0.477287 0.000000 0.000000 0.000000 0.000000 0.000000 0.000000 0.000000 0.000000
2.960000 -0.934944 0.719297 -0.656702 0.000000 0.000000 0.000000 0.000000 0.000000 0.000000 0.000000 0.000000
2.980000 -0.948323 0.710235 -0.802058 0.000000 0.000000 0.000000 0.000000 0.000000 0.000000 0.000000 0.000000
3.000000 -0.949558 0.671657 -0.904341 0.000000 0.000000 0.000000 0.000000 0.000000 0.000000 0.000000 0.000000
3.020000 -0.944780 0.606614 -0.956993 0.000000 0.000000 0.000000 0.000000 0.000000 0.000000 0.000000 0.000000
3.040000 -0.939290 0.520351 -0.956361 0.000000 0.000000 0.000000 0.000000 0.000000 0.000000 0.000000 0.000000
3.060000 -0.936939 0.419948 -0.901965 0.000000 0.000000 0.000000 0.000000 0.000000 0.000000 0.000000 0.000000
3.080000 -0.939673 0.313807 -0.796566 0.000000 0.000000 0.000000 0.000000 0.000000 0.000000 0.000000 0.000000
3.100000 -0.947299 0.211019 -0.646019 0.000000 0.000000 0.000000 0.000000 0.000000 0.000000 0.000000 0.000000
3.120000 -0.957489 0.120648 -0.458937 0.000000 0.000000 0.000000 0.000000 0.000000 0.000000 0.000000 0.000000
3.140000 -0.966029 0.051002 -0.246167 0.000000 0.000000 0.000000 0.000000 0.000000 0.000000 0.000000 0.000000
3.160000 -0.967292 0.008945 -0.020124 0.000000 0.000000 0.000000 0.000000 0.000000 0.000000 0.000000 0.000000
3.180000 -0.954884 -0.000701 0.205973 0.000000 0.000000 0.000000 0.000000 0.000000 0.000000 0.000000 0.000000
3.200000 -0.922417 0.024391 0.418922 0.000000 0.000000 0.000000 0.000000 0.000000 0.000000 0.000000 0.000000
3.220000 -0.864314 0.083792 0.606352 0.000000 0.000000 0.000000 0.000000 0.000000 0.000000 0.000000 0.000000
3.240000 -0.776587 0.174260 0.757481 0.000000 0.000000 0.000000 0.000000 0.000000 0.000000 0.000000 0.000000
3.260000 -0.657495 0.289905 0.863772 0.000000 0.000000 0.000000 0.000000 0.000000 0.000000 0.000000 0.000000
3.280000 -0.508012 0.422564 0.919434 0.000000 0.000000 0.000000 0.000000 0.000000 0.000000 0.000000 0.000000
3.300000 -0.332064 0.562373 0.921753 0.000000 0.000000 0.000000 0.000000 0.000000 0.000000 0.000000 0.000000
3.320000 -0.136482 0.698470 0.871213 0.000000 0.000000 0.000000 0.000000 0.000000 0.000000 0.000000 0.000000
3.340000 0.069325 0.819813 0.771417 0.000000 0.000000 0.000000 0.000000 0.000000 0.000000 0.000000 0.000000
3.360000 0.273961 0.916017 0.628810 0.000000 0.000000 0.000000 0.000000 0.000000 0.000000 0.000000 0.000000
3.380000 0.464864 0.978175 0.452224 0.000000 0.000000 0.000000 0.000000 0.000000 0.000000 0.000000 0.000000
3.400000 0.629282 0.999572 0.252274 0.000000 0.000000 0.000000 0.000000 0.000000 0.000000 0.000000 0.000000
3.420000 0.755338 0.976264 0.040658 0.000000 0.000000 0.000000 0.000000 0.000000 0.000000 0.000000 0.000000
3.440000 0.833070 0.907448 -0.170599 0.000000 0.000000 0.000000 0.000000 0.000000 0.000000 0.000000 0.000000
3.460000 0.855380 0.795613 -0.369912 0.000000 0.000000 0.000000 0.000000 0.000000 0.000000 0.000000 0.000000
3.480000 0.818784 0.646438 -0.546846 0.000000 0.000000 0.000000 0.000000 0.000000 0.000000 0.000000 0.000000
3.500000 0.723902 0.468455 -0.692738 0.000000 0.000000 0.000000 0.000000 0.000000 0.000000 0.000000 0.000000
3.520000 0.575622 0.272494 -0.801188 0.000000 0.000000 0.000000 0.000000 0.000000 0.000000 0.000000 0.000000
3.540000 0.382935 0.070942 -0.868387 0.000000 0.000000 0.000000 0.000000 0.000000 0.000000 0.000000 0.000000
3.560000 0.158413 -0.123123 -0.893268 0.000000 0.000000 0.000000 0.000000 0.000000 0.000000 0.000000 0.000000
3.580000 -0.082614 -0.296860 -0.877467 0.000000 0.000000 0.000000 0.000000 0.000000 0.000000 0.000000 0.000000
3.600000 -0.323138 -0.438596 -0.825120 0.000000 0.000000 0.000000 0.000000 0.000000 0.000000 0.000000 0.000000
3.620000 -0.545718 -0.538676 -0.742487 0.000000 0.000000 0.000000 0.000000 0.000000 0.000000 0.000000 0.000000
3.640000 -0.733806 -0.590186 -0.637464 0.000000 0.000000 0.000000 0.000000 0.000000 0.000000 0.000000 0.000000
3.660000 -0.873034 -0.589476 -0.518996 0.000000 0.000000 0.000000 0.000000 0.000000 0.000000 0.000000 0.000000
3.680000 -0.952362 -0.536458 -0.396449 0.000000 0.000000 0.000000 0.000000 0.000000 0.000000 0.000000 0.000000
3.700000 -0.964997 -0.434653 -0.278971 0.000000 0.000000 0.000000 0.000000 0.000000 0.000000 0.000000 0.000000
3.720000 -0.908988 -0.290966 -0.174910 0.000000 0.000000 0.000000 0.000000 0.000000 0.000000 0.000000 0.000000
3.740000 -0.787465 -0.115232 -0.091293 0.000000 0.000000 0.000000 0.000000 0.000000 0.000000 0.000000 0.000000
3.760000 -0.608473 0.080456 -0.033431 0.000000 0.000000 0.000000 0.000000 0.000000 0.000000 0.000000 0.000000
3.780000 -0.384430 0.282588 -0.004654 0.000000 0.000000 0.000000 0.000000 0.000000 0.000000 0.000000 0.000000
3.800000 -0.131229 0.477164 -0.006193 0.000000 0.000000 0.000000 0.000000 0.000000 0.000000 0.000000 0.000000
3.820000 0.132934 0.650677 -0.037214 0.000000 0.000000 0.000000 0.000000 0.000000 0.000000 0.000000 0.000000
3.840000 0.388923 0.791040 -0.094987 0.000000 0.000000 0.000000 0.000000 0.000000 0.000000 0.000000 0.000000
3.860000 0.618114 0.888427 -0.175186 0.000000 0.000000 0.000000 0.000000 0.000000 0.000000 0.000000 0.000000
3.880000 0.803802 0.935940 -0.272273 0.000000 0.000000 0.000000 0.000000 0.000000 0.000000 0.000000 0.000000
3.900000 0.932478 0.930076 -0.379952 0.000000 0.000000 0.000000 0.000000 0.000000 0.000000 0.000000 0.000000
3.920000 0.994850 0.870944 -0.491646 0.000000 0.000000 0.000000 0.000000 0.000000 0.000000 0.000000 0.000000
3.940000 0.986541 0.762237 -0.600965 0.000000 0.000000 0.000000 0.000000 0.000000 0.000000 0.000000 0.000000
3.960000 0.908401 0.610949 -0.702129 0.000000 0.000000 0.000000 0.000000 0.000000 0.000000 0.000000 0.000000
3.980000 0.766416 0.426869 -0.790325 0.000000 0.000000 0.000000 0.000000 0.000000 0.000000 0.000000 0.000000
4.000000 0.571211 0.221887 -0.861962 0.000000 0.000000 0.000000 0.000000 0.000000 0.000000 0.000000 0.000000
4.020000 0.337199 0.009164 -0.914819 0.000000 0.000000 0.000000 0.000000 0.000000 0.000000 0.000000 0.000000
4.040000 0.081436 -0.197763 -0.948086 0.000000 0.000000 0.000000 0.000000 0.000000 0.000000 0.000000 0.000000
4.060000 -0.177715 -0.385896 -0.962284 0.000000 0.000000 0.000000 0.000000 0.000000 0.000000 0.000000 0.000000
4.080000 -0.422015 -0.543626 -0.959101 0.000000 0.000000 0.000000 0.000000 0.000000 0.000000 0.000000 0.000000
4.100000 -0.634755 -0.661463 -0.941135 0.000000 0.000000 0.000000 0.000000 0.000000 0.000000 0.000000 0.000000
4.120000 -0.802014 -0.732618 -0.911597 0.000000 0.000000 0.000000 0.000000 0.000000 0.000000 0.000000 0.000000
4.140000 -0.913700 -0.753363 -0.873981 0.000000 0.000000 0.000000 0.000000 0.000000 0.000000 0.000000 0.000000
4.160000 -0.964253 -0.723185 -0.831738 0.000000 0.000000 0.000000 0.000000 0.000000 0.000000 0.000000 0.000000
4.180000 -0.952994 -0.644715 -0.787982 0.000000 0.000000 0.000000 0.000000 0.000000 0.000000 0.000000 0.000000
4.200000 -0.884075 -0.523432 -0.745246 0.000000 0.000000 0.000000 0.000000 0.000000 0.000000 0.000000 0.000000
4.220000 -0.766046 -0.367205 -0.705312 0.000000 0.000000 0.000000 0.000000 0.000000 0.000000 0.000000 0.000000
4.240000 -0.611085 -0.185676 -0.669121 0.000000 0.000000 0.000000 0.000000 0.000000 0.000000 0.000000 0.000000
4.260000 -0.433944 0.010441 -0.636770 0.000000 0.000000 0.000000 0.000000 0.000000 0.000000 0.000000 0.000000
4.280000 -0.250718 0.210101 -0.607589 0.000000 0.000000 0.000000 0.000000 0.000000 0.000000 0.000000 0.000000
4.300000 -0.077522 0.402646 -0.580288 0.000000 0.000000 0.000000 0.000000 0.000000 0.000000 0.000000 0.000000
4.320000 0.070796 0.578466 -0.553164 0.000000 0.000000 0.000000 0.000000 0.000000 0.000000 0.000000 0.000000
4.340000 0.181828 0.729532 -0.524331 0.000000 0.000000 0.000000 0.000000 0.000000 0.000000 0.000000 0.000000
4.360000 0.246549 0.849791 -0.491966 0.000000 0.000000 0.000000 0.000000 0.000000 0.000000 0.000000 0.000000
4.380000 0.259969 0.935393 -0.454539 0.000000 0.000000 0.000000 0.000000 0.000000 0.000000 0.000000 0.000000
4.400000 0.221455 0.984744 -0.411008 0.000000 0.000000 0.000000 0.000000 0.000000 0.000000 0.000000 0.000000
4.420000 0.134688 0.998396 -0.360954 0.000000 0.000000 0.000000 0.000000 0.000000 0.000000 0.000000 0.000000
4.440000 0.007281 0.978783 -0.304657 0.000000 0.000000 0.000000 0.000000 0.000000 0.000000 0.000000 0.000000
4.460000 -0.149911 0.929855 -0.243091 0.000000 0.000000 0.000000 0.000000 0.000000 0.000000 0.000000 0.000000
4.480000 -0.323718 0.856624 -0.177850 0.000000 0.000000 0.000000 0.000000 0.000000 0.000000 0.000000 0.000000
4.500000 -0.499748 0.764684 -0.111003 0.000000 0.000000 0.000000 0.000000 0.000000 0.000000 0.000000 0.000000
4.520000 -0.663540 0.659735 -0.044899 0.000000 0.000000 0.000000 0.000000 0.000000 0.000000 0.000000 0.000000
4.540000 -0.801693 0.547156 0.018060 0.000000 0.000000 0.000000 0.000000 0.000000 0.000000 0.000000 0.000000
4.560000 -0.902876 0.431657 0.075668 0.000000 0.000000 0.000000 0.000000 0.000000 0.000000 0.000000 0.000000
4.580000 -0.958637 0.317039 0.126141 0.000000 0.000000 0.000000 0.000000 0.000000 0.000000 0.000000 0.000000
4.600000 -0.963961 0.206068 0.168323 0.000000 0.000000 0.000000 0.000000 0.000000 0.000000 0.000000 0.000000
4.620000 -0.917533 0.100469 0.201828 0.000000 0.000000 0.000000 0.000000 0.000000 0.000000 0.000000 0.000000
4.640000 -0.821696 0.001035 0.227119 0.000000 0.000000 0.000000 0.000000 0.000000 0.000000 0.000000 0.000000
4.660000 -0.682130 -0.092185 0.245503 0.000000 0.000000 0.000000 0.000000 0.000000 0.000000 0.000000 0.000000
4.680000 -0.507270 -0.179616 0.259050 0.000000 0.000000 0.000000 0.000000 0.000000 0.000000 0.000000 0.000000
4.700000 -0.307544 -0.261873 0.270431 0.000000 0.000000 0.000000 0.000000 0.000000 0.000000 0.000000 0.000000
4.720000 -0.094480 -0.339465 0.282683 0.000000 0.000000 0.000000 0.000000 0.000000 0.000000 0.000000 0.000000
4.740000 0.120215 -0.412541 0.298935 0.000000 0.000000 0.000000 0.000000 0.000000 0.000000 0.000000 0.000000
4.760000 0.325552 -0.480688 0.322101 0.000000 0.000000 0.000000 0.000000 0.000000 0.000000 0.000000 0.000000
4.780000 0.512033 -0.542827 0.354570 0.000000 0.000000 0.000000 0.000000 0.000000 0.000000 0.000000 0.000000
4.800000 0.672267 -0.597188 0.397929 0.000000 0.000000 0.000000 0.000000 0.000000 0.000000 0.000000 0.000000
4.820000 0.801366 -0.641397 0.452727 0.000000 0.000000 0.000000 0.000000 0.000000 0.000000 0.000000 0.000000
4.840000 0.897112 -0.672644 0.518317 0.000000 0.000000 0.000000 0.000000 0.000000 0.000000 0.000000 0.000000
4.860000 0.959889 -0.687932 0.592795 0.000000 0.000000 0.000000 0.000000 0.000000 0.000000 0.000000 0.000000
4.880000 0.992400 -0.684375 0.673027 0.000000 0.000000 0.000000 0.000000 0.000000 0.000000 0.000000 0.000000
4.900000 0.999216 -0.659518 0.754789 0.000000 0.000000 0.000000 0.000000 0.000000 0.000000 0.000000 0.000000
4.920000 0.986191 -0.611644 0.833005 0.000000 0.000000 0.000000 0.000000 0.000000 0.000000 0.000000 0.000000
4.940000 0.959825 -0.540047 0.902061 0.000000 0.000000 0.000000 0.000000 0.000000 0.000000 0.000000 0.000000
4.960000 0.926619 -0.445222 0.956195 0.000000 0.000000 0.000000 0.000000 0.000000 0.000000 0.000000 0.000000
4.980000 0.892485 -0.328981 0.989909 0.000000 0.000000 0.000000 0.000000 0.000000 0.000000 0.000000 0.000000
5.000000 0.862275 -0.194447 0.998398 0.000000 0.000000 0.000000 0.000000 0.000000 0.000000 0.000000 0.000000
5.020000 0.839447 -0.045948 0.977949 0.000000 0.000000 0.000000 0.000000 0.000000 0.000000 0.000000 0.000000
5.040000 0.825895 0.111199 0.926282 0.000000 0.000000 0.000000 0.000000 0.000000 0.000000 0.000000 0.000000
5.060000 0.821957 0.270990 0.842807 0.000000 0.000000 0.000000 0.000000 0.000000 0.000000 0.000000 0.000000
5.080000 0.826573 0.427108 0.728769 0.000000 0.000000 0.000000 0.000000 0.000000 0.000000 0.000000 0.000000
5.100000 0.837575 0.573329 0.587281 0.000000 0.000000 0.000000 0.000000 0.000000 0.000000 0.000000 0.000000
5.120000 0.852064 0.703934 0.423215 0.000000 0.000000 0.000000 0.000000 0.000000 0.000000 0.000000 0.000000
5.140000 0.866830 0.814093 0.242979 0.000000 0.000000 0.000000 0.000000 0.000000 0.000000 0.000000 0.000000
5.160000 0.878768 0.900185 0.054173 0.000000 0.000000 0.000000 0.000000 0.000000 0.000000 0.000000 0.000000
5.180000 0.885243 0.960024 -0.134838 0.000000 0.000000 0.000000 0.000000 0.000000 0.000000 0.000000 0.000000
5.200000 0.884362 0.992985 -0.315422 0.000000 0.000000 0.000000 0.000000 0.000000 0.000000 0.000000 0.000000
5.220000 0.875133 1.000000 -0.479205 0.000000 0.000000 0.000000 0.000000 0.000000 0.000000 0.000000 0.000000
5.240000 0.857498 0.983443 -0.618582 0.000000 0.000000 0.000000 0.000000 0.000000 0.000000 0.000000 0.000000
5.260000 0.832239 0.946894 -0.727197 0.000000 0.000000 0.000000 0.000000 0.000000 0.000000 0.000000 0.000000
5.280000 0.800769 0.894825 -0.800332 0.000000 0.000000 0.000000 0.000000 0.000000 0.000000 0.000000 0.000000
5.300000 0.764850 0.832208 -0.835202 0.000000 0.000000 0.000000 0.000000 0.000000 0.000000 0.000000 0.000000
5.320000 0.726263 0.764099 -0.831113 0.000000 0.000000 0.000000 0.000000 0.000000 0.000000 0.000000 0.000000
5.340000 0.686480 0.695229 -0.789486 0.000000 0.000000 0.000000 0.000000 0.000000 0.000000 0.000000 0.000000
5.360000 0.646378 0.629623 -0.713736 0.000000 0.000000 0.000000 0.000000 0.000000 0.000000 0.000000 0.000000
5.380000 0.606031 0.570305 -0.609020 0.000000 0.000000 0.000000 0.000000 0.000000 0.000000 0.000000 0.000000
5.400000 0.564618 0.519083 -0.481864 0.000000 0.000000 0.000000 0.000000 0.000000 0.000000 0.000000 0.000000
5.420000 0.520448 0.476460 -0.339707 0.000000 0.000000 0.000000 0.000000 0.000000 0.000000 0.000000 0.000000
5.440000 0.471131 0.441664 -0.190388 0.000000 0.000000 0.000000 0.000000 0.000000 0.000000 0.000000 0.000000
5.460000 0.413848 0.412786 -0.041605 0.000000 0.000000 0.000000 0.000000 0.000000 0.000000 0.000000 0.000000
5.480000 0.345732 0.387036 0.099590 0.000000 0.000000 0.000000 0.000000 0.000000 0.000000 0.000000 0.000000
5.500000 0.264296 0.361068 0.227249 0.000000 0.000000 0.000000 0.000000 0.000000 0.000000 0.000000 0.000000
5.520000 0.167868 0.331364 0.336891 0.000000 0.000000 0.000000 0.000000 0.000000 0.000000 0.000000 0.000000
5.540000 0.055996 0.294629 0.425751 0.000000 0.000000 0.000000 0.000000 0.000000 0.000000 0.000000 0.000000
5.560000 -0.070243 0.248165 0.492887 0.000000 0.000000 0.000000 0.000000 0.000000 0.000000 0.000000 0.000000
5.580000 -0.208056 0.190196 0.539146 0.000000 0.000000 0.000000 0.000000 0.000000 0.000000 0.000000 0.000000
5.600000 -0.352903 0.120101 0.566999 0.000000 0.000000 0.000000 0.000000 0.000000 0.000000 0.000000 0.000000
5.620000 -0.498648 0.038539 0.580236 0.000000 0.000000 0.000000 0.000000 0.000000 0.000000 0.000000 0.000000
5.640000 -0.637880 -0.052541 0.583573 0.000000 0.000000 0.000000 0.000000 0.000000 0.000000 0.000000 0.000000
5.660000 -0.762384 -0.150019 0.582181 0.000000 0.000000 0.000000 0.000000 0.000000 0.000000 0.000000 0.000000
5.680000 -0.863745 -0.249839 0.581184 0.000000 0.000000 0.000000 0.000000 0.000000 0.000000 0.000000 0.000000
5.700000 -0.934020 -0.347338 0.585168 0.000000 0.000000 0.000000 0.000000 0.000000 0.000000 0.000000 0.000000
5.720000 -0.966428 -0.437642 0.597731 0.000000 0.000000 0.000000 0.000000 0.000000 0.000000 0.000000 0.000000
5.740000 -0.956002 -0.516098 0.621120 0.000000 0.000000 0.000000 0.000000 0.000000 0.000000 0.000000 0.000000
5.760000 -0.900130 -0.578699 0.655984 0.000000 0.000000 0.000000 0.000000 0.000000 0.000000 0.000000 0.000000
5.780000 -0.798948 -0.622469 0.701257 0.000000 0.000000 0.000000 0.000000 0.000000 0.000000 0.000000 0.000000
5.800000 -0.655525 -0.645764 0.754194 0.000000 0.000000 0.000000 0.000000 0.000000 0.000000 0.000000 0.000000
5.820000 -0.475825 -0.648471 0.810547 0.000000 0.000000 0.000000 0.000000 0.000000 0.000000 0.000000 0.000000
5.840000 -0.268447 -0.632070 0.864885 0.000000 0.000000 0.000000 0.000000 0.000000 0.000000 0.000000 0.000000
5.860000 -0.044130 -0.599569 0.911020 0.000000 0.000000 0.000000 0.000000 0.000000 0.000000 0.000000 0.000000
5.880000 0.184911 -0.555291 0.942518 0.000000 0.000000 0.000000 0.000000 0.000000 0.000000 0.000000 0.000000
5.900000 0.405799 -0.504551 0.953253 0.000000 0.000000 0.000000 0.000000 0.000000 0.000000 0.000000 0.000000
5.920000 0.605872 -0.453226 0.937967 0.000000 0.000000 0.000000 0.000000 0.000000 0.000000 0.000000 0.000000
5.940000 0.773568 -0.407272 0.892776 0.000000 0.000000 0.000000 0.000000 0.000000 0.000000 0.000000 0.000000
5.960000 0.899243 -0.372214 0.815602 0.000000 0.000000 0.000000 0.000000 0.000000 0.000000 0.000000 0.000000
5.980000 0.975847 -0.352661 0.706483 0.000000 0.000000 0.000000 0.000000 0.000000 0.000000 0.000000 0.000000
6.000000 0.999411 -0.351879 0.567727 0.000000 0.000000 0.000000 0.000000 0.000000 0.000000 0.000000 0.000000
6.020000 0.969295 -0.371479 0.403916 0.000000 0.000000 0.000000 0.000000 0.000000 0.000000 0.000000 0.000000
6.040000 0.888189 -0.411221 0.221722 0.000000 0.000000 0.000000 0.000000 0.000000 0.000000 0.000000 0.000000
6.060000 0.761850 -0.468984 0.029572 0.000000 0.000000 0.000000 0.000000 0.000000 0.000000 0.000000 0.000000
6.080000 0.598607 -0.540887 -0.162833 0.000000 0.000000 0.000000 0.000000 0.000000 0.000000 0.000000 0.000000
6.100000 0.408681 -0.621572 -0.345120 0.000000 0.000000 0.000000 0.000000 0.000000 0.000000 0.000000 0.000000
6.120000 0.203363 -0.704606 -0.506910 0.000000 0.000000 0.000000 0.000000 0.000000 0.000000 0.000000 0.000000
6.140000 -0.005863 -0.783006 -0.638518 0.000000 0.000000 0.000000 0.000000 0.000000 0.000000 0.000000 0.000000
6.160000 -0.208186 -0.849810 -0.731631 0.000000 0.000000 0.000000 0.000000 0.000000 0.000000 0.000000 0.000000
6.180000 -0.394253 -0.898670 -0.779917 0.000000 0.000000 0.000000 0.000000 0.000000 0.000000 0.000000 0.000000
6.200000 -0.556792 -0.924413 -0.779514 0.000000 0.000000 0.000000 0.000000 0.000000 0.000000 0.000000 0.000000
6.220000 -0.691041 -0.923519 -0.729379 0.000000 0.000000 0.000000 0.000000 0.000000 0.000000 0.000000 0.000000
6.240000 -0.794927 -0.894473 -0.631449 0.000000 0.000000 0.000000 0.000000 0.000000 0.000000 0.000000 0.000000
6.260000 -0.869011 -0.837968 -0.490608 0.000000 0.000000 0.000000 0.000000 0.000000 0.000000 0.000000 0.000000
6.280000 -0.916180 -0.756920 -0.314462 0.000000 0.000000 0.000000 0.000000 0.000000 0.000000 0.000000 0.000000
6.300000 -0.941144 -0.656310 -0.112924 0.000000 0.000000 0.000000 0.000000 0.000000 0.000000 0.000000 0.000000
6.320000 -0.949772 -0.542845 0.102356 0.000000 0.000000 0.000000 0.000000 0.000000 0.000000 0.000000 0.000000
6.340000 -0.948348 -0.424466 0.318692 0.000000 0.000000 0.000000 0.000000 0.000000 0.000000 0.000000 0.000000
6.360000 -0.942804 -0.309744 0.523136 0.000000 0.000000 0.000000 0.000000 0.000000 0.000000 0.000000 0.000000
6.380000 -0.938019 -0.207201 0.703284 0.000000 0.000000 0.000000 0.000000 0.000000 0.000000 0.000000 0.000000
6.400000 -0.937250 -0.124619 0.848060 0.000000 0.000000 0.000000 0.000000 0.000000 0.000000 0.000000 0.000000
6.420000 -0.941744 -0.068383 0.948416 0.000000 0.000000 0.000000 0.000000 0.000000 0.000000 0.000000 0.000000
6.440000 -0.950583 -0.042924 0.997911 0.000000 0.000000 0.000000 0.000000 0.000000 0.000000 0.000000 0.000000
6.460000 -0.960773 -0.050298 0.993131 0.000000 0.000000 0.000000 0.000000 0.000000 0.000000 0.000000 0.000000
6.480000 -0.967566 -0.089944 0.933909 0.000000 0.000000 0.000000 0.000000 0.000000 0.000000 0.000000 0.000000
6.500000 -0.964998 -0.158645 0.823341 0.000000 0.000000 0.000000 0.000000 0.000000 0.000000 0.000000 0.000000
6.520000 -0.946591 -0.250705 0.667599 0.000000 0.000000 0.000000 0.000000 0.000000 0.000000 0.000000 0.000000
6.540000 -0.906134 -0.358316 0.475541 0.000000 0.000000 0.000000 0.000000 0.000000 0.000000 0.000000 0.000000
6.560000 -0.838501 -0.472118 0.258149 0.000000 0.000000 0.000000 0.000000 0.000000 0.000000 0.000000 0.000000
6.580000 -0.740386 -0.581885 0.027845 0.000000 0.000000 0.000000 0.000000 0.000000 0.000000 0.000000 0.000000
6.600000 -0.610911 -0.677306 -0.202295 0.000000 0.000000 0.000000 0.000000 0.000000 0.000000 0.000000 0.000000
6.620000 -0.452024 -0.748792 -0.419348 0.000000 0.000000 0.000000 0.000000 0.000000 0.000000 0.000000 0.000000
6.640000 -0.268635 -0.788246 -0.611345 0.000000 0.000000 0.000000 0.000000 0.000000 0.000000 0.000000 0.000000
6.660000 -0.068487 -0.789740 -0.767996 0.000000 0.000000 0.000000 0.000000 0.000000 0.000000 0.000000 0.000000
6.680000 0.138272 -0.750045 -0.881296 0.000000 0.000000 0.000000 0.000000 0.000000 0.000000 0.000000 0.000000
6.700000 0.339757 -0.668960 -0.945983 0.000000 0.000000 0.000000 0.000000 0.000000 0.000000 0.000000 0.000000
6.720000 0.523227 -0.549424 -0.959805 0.000000 0.000000 0.000000 0.000000 0.000000 0.000000 0.000000 0.000000
6.740000 0.676104 -0.397385 -0.923596 0.000000 0.000000 0.000000 0.000000 0.000000 0.000000 0.000000 0.000000
6.760000 0.787035 -0.221439 -0.841146 0.000000 0.000000 0.000000 0.000000 0.000000 0.000000 0.000000 0.000000
6.780000 0.846917 -0.032265 -0.718891 0.000000 0.000000 0.000000 0.000000 0.000000 0.000000 0.000000 0.000000
6.800000 0.849783 0.158116 -0.565431 0.000000 0.000000 0.000000 0.000000 0.000000 0.000000 0.000000 0.000000
6.820000 0.793479 0.337198 -0.390929 0.000000 0.000000 0.000000 0.000000 0.000000 0.000000 0.000000 0.000000
6.840000 0.680045 0.492891 -0.206417 0.000000 0.000000 0.000000 0.000000 0.000000 0.000000 0.000000 0.000000
6.860000 0.515773 0.614422 -0.023073 0.000000 0.000000 0.000000 0.000000 0.000000 0.000000 0.000000 0.000000
6.880000 0.310922 0.693144 0.148497 0.000000 0.000000 0.000000 0.000000 0.000000 0.000000 0.000000 0.000000
6.900000 0.079087 0.723206 0.298916 0.000000 0.000000 0.000000 0.000000 0.000000 0.000000 0.000000 0.000000
6.920000 -0.163710 0.702029 0.420586 0.000000 0.000000 0.000000 0.000000 0.000000 0.000000 0.000000 0.000000
6.940000 -0.400173 0.630546 0.508110 0.000000 0.000000 0.000000 0.000000 0.000000 0.000000 0.000000 0.000000
6.960000 -0.613013 0.513190 0.558553 0.000000 0.000000 0.000000 0.000000 0.000000 0.000000 0.000000 0.000000
6.980000 -0.786268 0.357630 0.571520 0.000000 0.000000 0.000000 0.000000 0.000000 0.000000 0.000000 0.000000
7.000000 -0.906562 0.174269 0.549083 0.000000 0.000000 0.000000 0.000000 0.000000 0.000000 0.000000 0.000000
7.020000 -0.964184 -0.024467 0.495523 0.000000 0.000000 0.000000 0.000000 0.000000 0.000000 0.000000 0.000000
7.040000 -0.953904 -0.224981 0.416958 0.000000 0.000000 0.000000 0.000000 0.000000 0.000000 0.000000 0.000000
7.060000 -0.875460 -0.413454 0.320847 0.000000 0.000000 0.000000 0.000000 0.000000 0.000000 0.000000 0.000000
7.080000 -0.733656 -0.576811 0.215431 0.000000 0.000000 0.000000 0.000000 0.000000 0.000000 0.000000 0.000000
7.100000 -0.538074 -0.703643 0.109153 0.000000 0.000000 0.000000 0.000000 0.000000 0.000000 0.000000 0.000000
7.120000 -0.302406 -0.785009 0.010081 0.000000 0.000000 0.000000 0.000000 0.000000 0.000000 0.000000 0.000000
7.140000 -0.043453 -0.815063 -0.074604 0.000000 0.000000 0.000000 0.000000 0.000000 0.000000 0.000000 0.000000
7.160000 0.220116 -0.791467 -0.139044 0.000000 0.000000 0.000000 0.000000 0.000000 0.000000 0.000000 0.000000
7.180000 0.469175 -0.715547 -0.179017 0.000000 0.000000 0.000000 0.000000 0.000000 0.000000 0.000000 0.000000
7.200000 0.685587 -0.592203 -0.192126 0.000000 0.000000 0.000000 0.000000 0.000000 0.000000 0.000000 0.000000
7.220000 0.853583 -0.429555 -0.177844 0.000000 0.000000 0.000000 0.000000 0.000000 0.000000 0.000000 0.000000
7.240000 0.960958 -0.238375 -0.137432 0.000000 0.000000 0.000000 0.000000 0.000000 0.000000 0.000000 0.000000
7.260000 1.000000 -0.031334 -0.073732 0.000000 0.000000 0.000000 0.000000 0.000000 0.000000 0.000000 0.000000
7.280000 0.968060 0.177875 0.009142 0.000000 0.000000 0.000000 0.000000 0.000000 0.000000 0.000000 0.000000
7.300000 0.867730 0.375481 0.106178 0.000000 0.000000 0.000000 0.000000 0.000000 0.000000 0.000000 0.000000
7.320000 0.706617 0.548561 0.211886 0.000000 0.000000 0.000000 0.000000 0.000000 0.000000 0.000000 0.000000
7.340000 0.496719 0.685905 0.320721 0.000000 0.000000 0.000000 0.000000 0.000000 0.000000 0.000000 0.000000
7.360000 0.253468 0.778742 0.427484 0.000000 0.000000 0.000000 0.000000 0.000000 0.000000 0.000000 0.000000
7.380000 -0.005488 0.821288 0.527659 0.000000 0.000000 0.000000 0.000000 0.000000 0.000000 0.000000 0.000000
7.400000 -0.261668 0.811077 0.617685 0.000000 0.000000 0.000000 0.000000 0.000000 0.000000 0.000000 0.000000
7.420000 -0.497191 0.749053 0.695123 0.000000 0.000000 0.000000 0.000000 0.000000 0.000000 0.000000 0.000000
7.440000 -0.696147 0.639430 0.758723 0.000000 0.000000 0.000000 0.000000 0.000000 0.000000 0.000000 0.000000
7.460000 -0.845791 0.489334 0.808395 0.000000 0.000000 0.000000 0.000000 0.000000 0.000000 0.000000 0.000000
7.480000 -0.937479 0.308249 0.845083 0.000000 0.000000 0.000000 0.000000 0.000000 0.000000 0.000000 0.000000
7.500000 -0.967260 0.107333 0.870560 0.000000 0.000000 0.000000 0.000000 0.000000 0.000000 0.000000 0.000000
7.520000 -0.936090 -0.101372 0.887175 0.000000 0.000000 0.000000 0.000000 0.000000 0.000000 0.000000 0.000000
7.540000 -0.849653 -0.305743 0.897561 0.000000 0.000000 0.000000 0.000000 0.000000 0.000000 0.000000 0.000000
7.560000 -0.717809 -0.494362 0.904349 0.000000 0.000000 0.000000 0.000000 0.000000 0.000000 0.000000 0.000000
7.580000 -0.553723 -0.657217 0.909897 0.000000 0.000000 0.000000 0.000000 0.000000 0.000000 0.000000 0.000000
7.600000 -0.372737 -0.786268 0.916067 0.000000 0.000000 0.000000 0.000000 0.000000 0.000000 0.000000 0.000000
7.620000 -0.191100 -0.875855 0.924065 0.000000 0.000000 0.000000 0.000000 0.000000 0.000000 0.000000 0.000000
7.640000 -0.024646 -0.922915 0.934353 0.000000 0.000000 0.000000 0.000000 0.000000 0.000000 0.000000 0.000000
7.660000 0.112473 -0.927009 0.946648 0.000000 0.000000 0.000000 0.000000 0.000000 0.000000 0.000000 0.000000
7.680000 0.208882 -0.890167 0.959988 0.000000 0.000000 0.000000 0.000000 0.000000 0.000000 0.000000 0.000000
7.700000 0.256844 -0.816569 0.972875 0.000000 0.000000 0.000000 0.000000 0.000000 0.000000 0.000000 0.000000
7.720000 0.252806 -0.712100 0.983466 0.000000 0.000000 0.000000 0.000000 0.000000 0.000000 0.000000 0.000000
7.740000 0.197594 -0.583821 0.989797 0.000000 0.000000 0.000000 0.000000 0.000000 0.000000 0.000000 0.000000
7.760000 0.096257 -0.439394 0.990017 0.000000 0.000000 0.000000 0.000000 0.000000 0.000000 0.000000 0.000000
7.780000 -0.042419 -0.286525 0.982616 0.000000 0.000000 0.000000 0.000000 0.000000 0.000000 0.000000 0.000000
7.800000 -0.206697 -0.132446 0.966604 0.000000 0.000000 0.000000 0.000000 0.000000 0.000000 0.000000 0.000000
7.820000 -0.382871 0.016505 0.941655 0.000000 0.000000 0.000000 0.000000 0.000000 0.000000 0.000000 0.000000
7.840000 -0.556399 0.155197 0.908167 0.000000 0.000000 0.000000 0.000000 0.000000 0.000000 0.000000 0.000000
7.860000 -0.713050 0.279880 0.867260 0.000000 0.000000 0.000000 0.000000 0.000000 0.000000 0.000000 0.000000
7.880000 -0.840011 0.388230 0.820695 0.000000 0.000000 0.000000 0.000000 0.000000 0.000000 0.000000 0.000000
7.900000 -0.926832 0.479262 0.770722 0.000000 0.000000 0.000000 0.000000 0.000000 0.000000 0.000000 0.000000
7.920000 -0.966158 0.553134 0.719880 0.000000 0.000000 0.000000 0.000000 0.000000 0.000000 0.000000 0.000000
7.940000 -0.954193 0.610873 0.670747 0.000000 0.000000 0.000000 0.000000 0.000000 0.000000 0.000000 0.000000
7.960000 -0.890860 0.654049 0.625688 0.000000 0.000000 0.000000 0.000000 0.000000 0.000000 0.000000 0.000000
7.980000 -0.779666 0.684434 0.586604 0.000000 0.000000 0.000000 0.000000 0.000000 0.000000 0.000000 0.000000
8.000000 -0.627283 0.703691 0.554711 0.000000 0.000000 0.000000 0.000000 0.000000 0.000000 0.000000 0.000000
8.020000 -0.442902 0.713110 0.530376 0.000000 0.000000 0.000000 0.000000 0.000000 0.000000 0.000000 0.000000
8.040000 -0.237421 0.713423 0.513029 0.000000 0.000000 0.000000 0.000000 0.000000 0.000000 0.000000 0.000000
8.060000 -0.022531 0.704719 0.501147 0.000000 0.000000 0.000000 0.000000 0.000000 0.000000 0.000000 0.000000
8.080000 0.190207 0.686454 0.492335 0.000000 0.000000 0.000000 0.000000 0.000000 0.000000 0.000000 0.000000
8.100000 0.390220 0.657559 0.483491 0.000000 0.000000 0.000000 0.000000 0.000000 0.000000 0.000000 0.000000
8.120000 0.568656 0.616635 0.471044 0.000000 0.000000 0.000000 0.000000 0.000000 0.000000 0.000000 0.000000
8.140000 0.718924 0.562206 0.451252 0.000000 0.000000 0.000000 0.000000 0.000000 0.000000 0.000000 0.000000
8.160000 0.837020 0.493004 0.420539 0.000000 0.000000 0.000000 0.000000 0.000000 0.000000 0.000000 0.000000
8.180000 0.921612 0.408257 0.375838 0.000000 0.000000 0.000000 0.000000 0.000000 0.000000 0.000000 0.000000
8.200000 0.973896 0.307950 0.314921 0.000000 0.000000 0.000000 0.000000 0.000000 0.000000 0.000000 0.000000
8.220000 0.997258 0.193025 0.236676 0.000000 0.000000 0.000000 0.000000 0.000000 0.000000 0.000000 0.000000
8.240000 0.996764 0.065499 0.141315 0.000000 0.000000 0.000000 0.000000 0.000000 0.000000 0.000000 0.000000
8.260000 0.978558 -0.071518 0.030499 0.000000 0.000000 0.000000 0.000000 0.000000 0.000000 0.000000 0.000000
8.280000 0.949207 -0.213903 -0.092662 0.000000 0.000000 0.000000 0.000000 0.000000 0.000000 0.000000 0.000000
8.300000 0.915078 -0.356708 -0.223703 0.000000 0.000000 0.000000 0.000000 0.000000 0.000000 0.000000 0.000000
8.320000 0.881777 -0.494433 -0.357016 0.000000 0.000000 0.000000 0.000000 0.000000 0.000000 0.000000 0.000000
8.340000 0.853719 -0.621369 -0.486162 0.000000 0.000000 0.000000 0.000000 0.000000 0.000000 0.000000 0.000000
8.360000 0.833851 -0.731979 -0.604258 0.000000 0.000000 0.000000 0.000000 0.000000 0.000000 0.000000 0.000000
8.380000 0.823540 -0.821286 -0.704424 0.000000 0.000000 0.000000 0.000000 0.000000 0.000000 0.000000 0.000000
8.400000 0.822633 -0.885238 -0.780242 0.000000 0.000000 0.000000 0.000000 0.000000 0.000000 0.000000 0.000000
8.420000 0.829663 -0.921009 -0.826219 0.000000 0.000000 0.000000 0.000000 0.000000 0.000000 0.000000 0.000000
8.440000 0.842174 -0.927225 -0.838193 0.000000 0.000000 0.000000 0.000000 0.000000 0.000000 0.000000 0.000000
8.460000 0.857114 -0.904074 -0.813671 0.000000 0.000000 0.000000 0.000000 0.000000 0.000000 0.000000 0.000000
8.480000 0.871266 -0.853303 -0.752062 0.000000 0.000000 0.000000 0.000000 0.000000 0.000000 0.000000 0.000000
8.500000 0.881644 -0.778102 -0.654790 0.000000 0.000000 0.000000 0.000000 0.000000 0.000000 0.000000 0.000000
8.520000 0.885835 -0.682864 -0.525271 0.000000 0.000000 0.000000 0.000000 0.000000 0.000000 0.000000 0.000000
8.540000 0.882234 -0.572870 -0.368760 0.000000 0.000000 0.000000 0.000000 0.000000 0.000000 0.000000 0.000000
8.560000 0.870166 -0.453893 -0.192067 0.000000 0.000000 0.000000 0.000000 0.000000 0.000000 0.000000 0.000000
8.580000 0.849867 -0.331779 -0.003167 0.000000 0.000000 0.000000 0.000000 0.000000 0.000000 0.000000 0.000000
8.600000 0.822357 -0.212020 0.189274 0.000000 0.000000 0.000000 0.000000 0.000000 0.000000 0.000000 0.000000
8.620000 0.789200 -0.099370 0.376420 0.000000 0.000000 0.000000 0.000000 0.000000 0.000000 0.000000 0.000000
8.640000 0.752202 0.002474 0.549808 0.000000 0.000000 0.000000 0.000000 0.000000 0.000000 0.000000 0.000000
8.660000 0.713077 0.091098 0.701862 0.000000 0.000000 0.000000 0.000000 0.000000 0.000000 0.000000 0.000000
8.680000 0.673126 0.165480 0.826348 0.000000 0.000000 0.000000 0.000000 0.000000 0.000000 0.000000 0.000000
8.700000 0.632978 0.225985 0.918736 0.000000 0.000000 0.000000 0.000000 0.000000 0.000000 0.000000 0.000000
8.720000 0.592412 0.274233 0.976448 0.000000 0.000000 0.000000 0.000000 0.000000 0.000000 0.000000 0.000000
8.740000 0.550307 0.312862 0.998966 0.000000 0.000000 0.000000 0.000000 0.000000 0.000000 0.000000 0.000000
8.760000 0.504715 0.345214 0.987797 0.000000 0.000000 0.000000 0.000000 0.000000 0.000000 0.000000 0.000000
8.780000 0.453066 0.374950 0.946301 0.000000 0.000000 0.000000 0.000000 0.000000 0.000000 0.000000 0.000000
8.800000 0.392481 0.405656 0.879389 0.000000 0.000000 0.000000 0.000000 0.000000 0.000000 0.000000 0.000000
8.820000 0.320170 0.440454 0.793118 0.000000 0.000000 0.000000 0.000000 0.000000 0.000000 0.000000 0.000000
8.840000 0.233870 0.481669 0.694211 0.000000 0.000000 0.000000 0.000000 0.000000 0.000000 0.000000 0.000000
8.860000 0.132274 0.530566 0.589543 0.000000 0.000000 0.000000 0.000000 0.000000 0.000000 0.000000 0.000000
8.880000 0.015411 0.587200 0.485621 0.000000 0.000000 0.000000 0.000000 0.000000 0.000000 0.000000 0.000000
8.900000 -0.115084 0.650379 0.388116 0.000000 0.000000 0.000000 0.000000 0.000000 0.000000 0.000000 0.000000
8.920000 -0.255829 0.717744 0.301458 0.000000 0.000000 0.000000 0.000000 0.000000 0.000000 0.000000 0.000000
8.940000 -0.401729 0.785976 0.228546 0.000000 0.000000 0.000000 0.000000 0.000000 0.000000 0.000000 0.000000
8.960000 -0.546177 0.851088 0.170588 0.000000 0.000000 0.000000 0.000000 0.000000 0.000000 0.000000 0.000000
8.980000 -0.681436 0.908800 0.127074 0.000000 0.000000 0.000000 0.000000 0.000000 0.000000 0.000000 0.000000
9.000000 -0.799151 0.954944 0.095898 0.000000 0.000000 0.000000 0.000000 0.000000 0.000000 0.000000 0.000000
9.020000 -0.890990 0.985875 0.073611 0.000000 0.000000 0.000000 0.000000 0.000000 0.000000 0.000000 0.000000
9.040000 -0.949319 0.998848 0.055787 0.000000 0.000000 0.000000 0.000000 0.000000 0.000000 0.000000 0.000000
9.060000 -0.967894 0.992322 0.037475 0.000000 0.000000 0.000000 0.000000 0.000000 0.000000 0.000000 0.000000
9.080000 -0.942480 0.966163 0.013695 0.000000 0.000000 0.000000 0.000000 0.000000 0.000000 0.000000 0.000000
9.100000 -0.871347 0.921727 -0.020054 0.000000 0.000000 0.000000 0.000000 0.000000 0.000000 0.000000 0.000000
9.120000 -0.755598 0.861812 -0.067318 0.000000 0.000000 0.000000 0.000000 0.000000 0.000000 0.000000 0.000000
9.140000 -0.599281 0.790475 -0.130287 0.000000 0.000000 0.000000 0.000000 0.000000 0.000000 0.000000 0.000000
9.160000 -0.409282 0.712739 -0.209496 0.000000 0.000000 0.000000 0.000000 0.000000 0.000000 0.000000 0.000000
9.180000 -0.194976 0.634196 -0.303661 0.000000 0.000000 0.000000 0.000000 0.000000 0.000000 0.000000 0.000000
9.200000 0.032323 0.560547 -0.409663 0.000000 0.000000 0.000000 0.000000 0.000000 0.000000 0.000000 0.000000
9.220000 0.260085 0.497126 -0.522682 0.000000 0.000000 0.000000 0.000000 0.000000 0.000000 0.000000 0.000000
9.240000 0.475405 0.448431 -0.636490 0.000000 0.000000 0.000000 0.000000 0.000000 0.000000 0.000000 0.000000
9.260000 0.665891 0.417718 -0.743859 0.000000 0.000000 0.000000 0.000000 0.000000 0.000000 0.000000 0.000000
9.280000 0.820536 0.406688 -0.837081 0.000000 0.000000 0.000000 0.000000 0.000000 0.000000 0.000000 0.000000
9.300000 0.930493 0.415298 -0.908547 0.000000 0.000000 0.000000 0.000000 0.000000 0.000000 0.000000 0.000000
9.320000 0.989696 0.441718 -0.951351 0.000000 0.000000 0.000000 0.000000 0.000000 0.000000 0.000000 0.000000
9.340000 0.995271 0.482439 -0.959868 0.000000 0.000000 0.000000 0.000000 0.000000 0.000000 0.000000 0.000000
9.360000 0.947700 0.532527 -0.930268 0.000000 0.000000 0.000000 0.000000 0.000000 0.000000 0.000000 0.000000
9.380000 0.850738 0.586011 -0.860914 0.000000 0.000000 0.000000 0.000000 0.000000 0.000000 0.000000 0.000000
9.400000 0.711063 0.636362 -0.752626 0.000000 0.000000 0.000000 0.000000 0.000000 0.000000 0.000000 0.000000
9.420000 0.537719 0.677045 -0.608772 0.000000 0.000000 0.000000 0.000000 0.000000 0.000000 0.000000 0.000000
9.440000 0.341380 0.702077 -0.435185 0.000000 0.000000 0.000000 0.000000 0.000000 0.000000 0.000000 0.000000
9.460000 0.133499 0.706565 -0.239897 0.000000 0.000000 0.000000 0.000000 0.000000 0.000000 0.000000 0.000000
9.480000 -0.074569 0.687160 -0.032714 0.000000 0.000000 0.000000 0.000000 0.000000 0.000000 0.000000 0.000000
9.500000 -0.272421 0.642397 0.175356 0.000000 0.000000 0.000000 0.000000 0.000000 0.000000 0.000000 0.000000
9.520000 -0.451336 0.572890 0.372768 0.000000 0.000000 0.000000 0.000000 0.000000 0.000000 0.000000 0.000000
9.540000 -0.604843 0.481352 0.548179 0.000000 0.000000 0.000000 0.000000 0.000000 0.000000 0.000000 0.000000
9.560000 -0.729068 0.372447 0.691180 0.000000 0.000000 0.000000 0.000000 0.000000 0.000000 0.000000 0.000000
9.580000 -0.822834 0.252465 0.793002 0.000000 0.000000 0.000000 0.000000 0.000000 0.000000 0.000000 0.000000
9.600000 -0.887524 0.128864 0.847121 0.000000 0.000000 0.000000 0.000000 0.000000 0.000000 0.000000 0.000000
9.620000 -0.926696 0.009687 0.849735 0.000000 0.000000 0.000000 0.000000 0.000000 0.000000 0.000000 0.000000
9.640000 -0.945526 -0.097074 0.800071 0.000000 0.000000 0.000000 0.000000 0.000000 0.000000 0.000000 0.000000
9.660000 -0.950107 -0.184140 0.700501 0.000000 0.000000 0.000000 0.000000 0.000000 0.000000 0.000000 0.000000
9.680000 -0.946689 -0.245563 0.556454 0.000000 0.000000 0.000000 0.000000 0.000000 0.000000 0.000000 0.000000
9.700000 -0.940926 -0.277255 0.376123 0.000000 0.000000 0.000000 0.000000 0.000000 0.000000 0.000000 0.000000
9.720000 -0.937211 -0.277383 0.169999 0.000000 0.000000 0.000000 0.000000 0.000000 0.000000 0.000000 0.000000
9.740000 -0.938164 -0.246588 -0.049759 0.000000 0.000000 0.000000 0.000000 0.000000 0.000000 0.000000 0.000000
9.760000 -0.944315 -0.188018 -0.270062 0.000000 0.000000 0.000000 0.000000 0.000000 0.000000 0.000000 0.000000
9.780000 -0.954033 -0.107149 -0.477698 0.000000 0.000000 0.000000 0.000000 0.000000 0.000000 0.000000 0.000000
9.800000 -0.963690 -0.011422 -0.660150 0.000000 0.000000 0.000000 0.000000 0.000000 0.000000 0.000000 0.000000
9.820000 -0.968067 0.090295 -0.806375 0.000000 0.000000 0.000000 0.000000 0.000000 0.000000 0.000000 0.000000
9.840000 -0.960943 0.188369 -0.907485 0.000000 0.000000 0.000000 0.000000 0.000000 0.000000 0.000000 0.000000
9.860000 -0.935838 0.273148 -0.957299 0.000000 0.000000 0.000000 0.000000 0.000000 0.000000 0.000000 0.000000
9.880000 -0.886817 0.335734 -0.952717 0.000000 0.000000 0.000000 0.000000 0.000000 0.000000 0.000000 0.000000
9.900000 -0.809281 0.368706 -0.893894 0.000000 0.000000 0.000000 0.000000 0.000000 0.000000 0.000000 0.000000
9.920000 -0.700676 0.366761 -0.784206 0.000000 0.000000 0.000000 0.000000 0.000000 0.000000 0.000000 0.000000
9.940000 -0.561035 0.327197 -0.630021 0.000000 0.000000 0.000000 0.000000 0.000000 0.000000 0.000000 0.000000
9.960000 -0.393290 0.250212 -0.440263 0.000000 0.000000 0.000000 0.000000 0.000000 0.000000 0.000000 0.000000
9.980000 -0.203324 0.138977 -0.225835 0.000000 0.000000 0.000000 0.000000 0.000000 0.000000 0.000000 0.000000
10.000000 0.000258 -0.000509 0.001088 0.000000 0.000000 0.000000 0.000000 0.000000 0.000000 0.000000 0.000000
