801
16
0.000000 0.000477 0.000330 -0.000544 -0.000167 -0.000167 -0.000167 -0.000167 -0.001503 -0.001503 -0.001503 -0.001503
0.020000 0.173161 0.187335 -0.143899 -0.021574 -0.021574 -0.021574 -0.021574 -0.338506 -0.338506 -0.338506 -0.338506
0.040000 0.324569 0.366610 -0.234734 0.005769 0.005769 0.005769 0.005769 -0.634310 -0.634310 -0.634310 -0.634310
0.060000 0.447063 0.531067 -0.264750 0.078571 0.078571 0.078571 0.078571 -0.854572 -0.854572 -0.854572 -0.854572
0.080000 0.535430 0.672878 -0.232323 0.188873 0.188873 0.188873 0.188873 -0.973944 -0.973944 -0.973944 -0.973944
0.100000 0.586839 0.783832 -0.142558 0.324878 0.324878 0.324878 0.324878 -0.979002 -0.979002 -0.979002 -0.979002
0.120000 0.600622 0.855922 -0.006669 0.472200 0.472200 0.472200 0.472200 -0.869738 -0.869738 -0.869738 -0.869738
0.140000 0.577941 0.882120 0.159255 0.615395 0.615395 0.615395 0.615395 -0.659457 -0.659457 -0.659457 -0.659457
0.160000 0.521412 0.857245 0.335958 0.739602 0.739602 0.739602 0.739602 -0.373104 -0.373104 -0.373104 -0.373104
0.180000 0.434742 0.778816 0.503027 0.832106 0.832106 0.832106 0.832106 -0.044237 -0.044237 -0.044237 -0.044237
0.200000 0.322413 0.647758 0.640990 0.883663 0.883663 0.883663 0.883663 0.288973 0.288973 0.288973 0.288973
0.220000 0.189462 0.468855 0.733290 0.889430 0.889430 0.889430 0.889430 0.588231 0.588231 0.588231 0.588231
0.240000 0.041335 0.250853 0.767952 0.849409 0.849409 0.849409 0.849409 0.819557 0.819557 0.819557 0.819557
0.260000 -0.116177 0.006161 0.738757 0.768360 0.768360 0.768360 0.768360 0.957139 0.957139 0.957139 0.957139
0.280000 -0.276961 -0.249864 0.645837 0.655205 0.655205 0.655205 0.655205 0.986174 0.986174 0.986174 0.986174
0.300000 -0.434602 -0.499994 0.495629 0.522004 0.522004 0.522004 0.522004 0.904367 0.904367 0.904367 0.904367
0.320000 -0.582438 -0.726494 0.300206 0.382619 0.382619 0.382619 0.382619 0.721958 0.721958 0.721958 0.721958
0.340000 -0.713684 -0.912626 0.076069 0.251230 0.251230 0.251230 0.251230 0.460285 0.460285 0.460285 0.460285
0.360000 -0.821649 -1.044157 -0.157476 0.140865 0.140865 0.140865 0.140865 0.149124 0.149124 0.149124 0.149124
0.380000 -0.900048 -1.110699 -0.380182 0.062115 0.062115 0.062115 0.062115 -0.176879 -0.176879 -0.176879 -0.176879
0.400000 -0.943403 -1.106733 -0.572779 0.022158 0.022158 0.022158 0.022158 -0.482217 -0.482217 -0.482217 -0.482217
0.420000 -0.947479 -1.032201 -0.718756 0.024190 0.024190 0.024190 0.024190 -0.734500 -0.734500 -0.734500 -0.734500
0.440000 -0.909736 -0.892589 -0.805839 0.067301 0.067301 0.067301 0.067301 -0.907935 -0.907935 -0.907935 -0.907935
0.460000 -0.829718 -0.698482 -0.827027 0.146798 0.146798 0.146798 0.146798 -0.985929 -0.985929 -0.985929 -0.985929
0.480000 -0.709324 -0.464616 -0.781099 0.254895 0.254895 0.254895 0.254895 -0.962537 -0.962537 -0.962537 -0.962537
0.500000 -0.552925 -0.208541 -0.672565 0.381680 0.381680 0.381680 0.381680 -0.842659 -0.842659 -0.842659 -0.842659
0.520000 -0.367274 0.050994 -0.511090 0.516238 0.516238 0.516238 0.516238 -0.641004 -0.641004 -0.641004 -0.641004
0.540000 -0.161201 0.295753 -0.310453 0.647771 0.647771 0.647771 0.647771 -0.380024 -0.380024 -0.380024 -0.380024
0.560000 0.054899 0.509648 -0.087186 0.766621 0.766621 0.766621 0.766621 -0.087105 -0.087105 -0.087105 -0.087105
0.580000 0.269749 0.680127 0.140986 0.865059 0.865059 0.865059 0.865059 0.208608 0.208608 0.208608 0.208608
0.600000 0.471997 0.799185 0.356720 0.937786 0.937786 0.937786 0.937786 0.479364 0.479364 0.479364 0.479364
0.620000 0.651059 0.863878 0.544507 0.982122 0.982122 0.982122 0.982122 0.701560 0.701560 0.701560 0.701560
0.640000 0.797936 0.876321 0.691866 0.997878 0.997878 0.997878 0.997878 0.857826 0.857826 0.857826 0.857826
0.660000 0.905901 0.843161 0.790165 0.986981 0.986981 0.986981 0.986981 0.938225 0.938225 0.938225 0.938225
0.680000 0.971007 0.774618 0.835040 0.952912 0.952912 0.952912 0.952912 0.940532 0.940532 0.940532 0.940532
0.700000 0.992335 0.683196 0.826380 0.900067 0.900067 0.900067 0.900067 0.869622 0.869622 0.869622 0.869622
0.720000 0.971982 0.582212 0.767920 0.833127 0.833127 0.833127 0.833127 0.736157 0.736157 0.736157 0.736157
0.740000 0.914766 0.484331 0.666522 0.756512 0.756512 0.756512 0.756512 0.554785 0.554785 0.554785 0.554785
0.760000 0.827683 0.400246 0.531241 0.674012 0.674012 0.674012 0.674012 0.342152 0.342152 0.342152 0.342152
0.780000 0.719176 0.337652 0.372294 0.588583 0.588583 0.588583 0.588583 0.114995 0.114995 0.114995 0.114995
0.800000 0.598291 0.300622 0.200051 0.502355 0.502355 0.502355 0.502355 -0.111453 -0.111453 -0.111453 -0.111453
0.820000 0.473801 0.289426 0.024164 0.416787 0.416787 0.416787 0.416787 -0.324564 -0.324564 -0.324564 -0.324564
0.840000 0.353400 0.300804 -0.147099 0.332943 0.332943 0.332943 0.332943 -0.514861 -0.514861 -0.514861 -0.514861
0.860000 0.243043 0.328633 -0.307248 0.251810 0.251810 0.251810 0.251810 -0.676017 -0.676017 -0.676017 -0.676017
0.880000 0.146502 0.364900 -0.451691 0.174594 0.174594 0.174594 0.174594 -0.804395 -0.804395 -0.804395 -0.804395
0.900000 0.065178 0.400840 -0.577588 0.102939 0.102939 0.102939 0.102939 -0.898313 -0.898313 -0.898313 -0.898313
0.920000 -0.001814 0.428113 -0.683506 0.039014 0.039014 0.039014 0.039014 -0.957204 -0.957204 -0.957204 -0.957204
0.940000 -0.057313 0.439861 -0.768945 -0.014537 -0.014537 -0.014537 -0.014537 -0.980871 -0.980871 -0.980871 -0.980871
0.960000 -0.105565 0.431538 -0.833816 -0.054793 -0.054793 -0.054793 -0.054793 -0.969003 -0.969003 -0.969003 -0.969003
0.980000 -0.151539 0.401414 -0.877972 -0.078858 -0.078858 -0.078858 -0.078858 -0.921030 -0.921030 -0.921030 -0.921030
1.000000 -0.200192 0.350707 -0.900868 -0.084230 -0.084230 -0.084230 -0.084230 -0.836366 -0.836366 -0.836366 -0.836366
1.020000 -0.255751 0.283350 -0.901395 -0.069174 -0.069174 -0.069174 -0.069174 -0.714976 -0.714976 -0.714976 -0.714976
1.040000 -0.321114 0.205430 -0.877934 -0.033037 -0.033037 -0.033037 -0.033037 -0.558144 -0.558144 -0.558144 -0.558144
1.060000 -0.397429 0.124383 -0.828609 0.023544 0.023544 0.023544 0.023544 -0.369295 -0.369295 -0.369295 -0.369295
1.080000 -0.483891 0.048064 -0.751720 0.098580 0.098580 0.098580 0.098580 -0.154662 -0.154662 -0.154662 -0.154662
1.100000 -0.577783 -0.016199 -0.646282 0.188822 0.188822 0.188822 0.188822 0.076356 0.076356 0.076356 0.076356
1.120000 -0.674743 -0.062442 -0.512599 0.290008 0.290008 0.290008 0.290008 0.311289 0.311289 0.311289 0.311289
1.140000 -0.769228 -0.086696 -0.352772 0.397228 0.397228 0.397228 0.397228 0.535196 0.535196 0.535196 0.535196
1.160000 -0.855106 -0.087340 -0.171072 0.505350 0.505350 0.505350 0.505350 0.731765 0.731765 0.731765 0.731765
1.180000 -0.926312 -0.065141 0.025910 0.609471 0.609471 0.609471 0.609471 0.884814 0.884814 0.884814 0.884814
1.200000 -0.977484 -0.023007 0.229378 0.705306 0.705306 0.705306 0.705306 0.980022 0.980022 0.980022 0.980022
1.220000 -1.004508 0.034526 0.428723 0.789484 0.789484 0.789484 0.789484 1.006670 1.006670 1.006670 1.006670
1.240000 -1.004915 0.101974 0.612185 0.859707 0.859707 0.859707 0.859707 0.959161 0.959161 0.959161 0.959161
1.260000 -0.978081 0.173662 0.767727 0.914759 0.914759 0.914759 0.914759 0.838095 0.838095 0.838095 0.838095
1.280000 -0.925227 0.244452 0.884051 0.954369 0.954369 0.954369 0.954369 0.650707 0.650707 0.650707 0.650707
1.300000 -0.849218 0.310354 0.951640 0.978969 0.978969 0.978969 0.978969 0.410592 0.410592 0.410592 0.410592
1.320000 -0.754201 0.368921 0.963740 0.989376 0.989376 0.989376 0.989376 0.136687 0.136687 0.136687 0.136687
1.340000 -0.645137 0.419409 0.917151 0.986474 0.986474 0.986474 0.986474 -0.148403 -0.148403 -0.148403 -0.148403
1.360000 -0.527283 0.462663 0.812754 0.970936 0.970936 0.970936 0.970936 -0.420550 -0.420550 -0.420550 -0.420550
1.380000 -0.405700 0.500774 0.655688 0.943040 0.943040 0.943040 0.943040 -0.656485 -0.656485 -0.656485 -0.656485
1.400000 -0.284840 0.536546 0.455159 0.902614 0.902614 0.902614 0.902614 -0.836138 -0.836138 -0.836138 -0.836138
1.420000 -0.168275 0.572870 0.223871 0.849118 0.849118 0.849118 0.849118 -0.944654 -0.944654 -0.944654 -0.944654
1.440000 -0.058570 0.612079 -0.022871 0.781850 0.781850 0.781850 0.781850 -0.973842 -0.973842 -0.973842 -0.973842
1.460000 0.042667 0.655394 -0.268317 0.700235 0.700235 0.700235 0.700235 -0.922882 -0.922882 -0.922882 -0.922882
1.480000 0.134595 0.702542 -0.495581 0.604169 0.604169 0.604169 0.604169 -0.798208 -0.798208 -0.798208 -0.798208
1.500000 0.216845 0.751584 -0.688977 0.494328 0.494328 0.494328 0.494328 -0.612582 -0.612582 -0.612582 -0.612582
1.520000 0.289171 0.799016 -0.835268 0.372405 0.372405 0.372405 0.372405 -0.383490 -0.383490 -0.383490 -0.383490
1.540000 0.351108 0.840098 -0.924707 0.241220 0.241220 0.241220 0.241220 -0.131057 -0.131057 -0.131057 -0.131057
1.560000 0.401707 0.869408 -0.951767 0.104662 0.104662 0.104662 0.104662 0.124250 0.124250 0.124250 0.124250
1.580000 0.439378 0.881520 -0.915509 -0.032531 -0.032531 -0.032531 -0.032531 0.363843 0.363843 0.363843 0.363843
1.600000 0.461900 0.871746 -0.819539 -0.165145 -0.165145 -0.165145 -0.165145 0.572885 0.572885 0.572885 0.572885
1.620000 0.466588 0.836823 -0.671583 -0.287974 -0.287974 -0.287974 -0.287974 0.741598 0.741598 0.741598 0.741598
1.640000 0.450610 0.775474 -0.482712 -0.396353 -0.396353 -0.396353 -0.396353 0.865850 0.865850 0.865850 0.865850
1.660000 0.411420 0.688759 -0.266312 -0.486670 -0.486670 -0.486670 -0.486670 0.946990 0.946990 0.946990 0.946990
1.680000 0.347256 0.580162 -0.036885 -0.556781 -0.556781 -0.556781 -0.556781 0.990983 0.990983 0.990983 0.990983
1.700000 0.257615 0.455411 0.191185 -0.606276 -0.606276 -0.606276 -0.606276 1.006986 1.006986 1.006986 1.006986
1.720000 0.143655 0.322031 0.404786 -0.636546 -0.636546 -0.636546 -0.636546 1.005593 1.005593 1.005593 1.005593
1.740000 0.008448 0.188696 0.593061 -0.650632 -0.650632 -0.650632 -0.650632 0.997003 0.997003 0.997003 0.997003
1.760000 -0.142972 0.064439 0.748114 -0.652880 -0.652880 -0.652880 -0.652880 0.989366 0.989366 0.989366 0.989366
1.780000 -0.303789 -0.042180 0.865402 -0.648431 -0.648431 -0.648431 -0.648431 0.987545 0.987545 0.987545 0.987545
1.800000 -0.465804 -0.123860 0.943782 -0.642619 -0.642619 -0.642619 -0.642619 0.992452 0.992452 0.992452 0.992452
1.820000 -0.620056 -0.175203 0.985239 -0.640341 -0.640341 -0.640341 -0.640341 1.001034 1.001034 1.001034 1.001034
1.840000 -0.757572 -0.193164 0.994331 -0.645507 -0.645507 -0.645507 -0.645507 1.006897 1.006897 1.006897 1.006897
1.860000 -0.870196 -0.177237 0.977445 -0.660605 -0.660605 -0.660605 -0.660605 1.001460 1.001460 1.001460 1.001460
1.880000 -0.951399 -0.129401 0.941924 -0.686478 -0.686478 -0.686478 -0.686478 0.975448 0.975448 0.975448 0.975448
1.900000 -0.996977 -0.053807 0.895201 -0.722306 -0.722306 -0.722306 -0.722306 0.920508 0.920508 0.920508 0.920508
1.920000 -1.005546 0.043715 0.844001 -0.765814 -0.765814 -0.765814 -0.765814 0.830700 0.830700 0.830700 0.830700
1.940000 -0.978784 0.156280 0.793707 -0.813656 -0.813656 -0.813656 -0.813656 0.703634 0.703634 0.703634 0.703634
1.960000 -0.921359 0.276606 0.747945 -0.861928 -0.861928 -0.861928 -0.861928 0.541095 0.541095 0.541095 0.541095
1.980000 -0.840561 0.397643 0.708413 -0.906719 -0.906719 -0.906719 -0.906719 0.349058 0.349058 0.349058 0.349058
2.000000 -0.745642 0.513089 0.674950 -0.944628 -0.944628 -0.944628 -0.944628 0.137097 0.137097 0.137097 0.137097
2.020000 -0.646943 0.617745 0.645835 -0.973155 -0.973155 -0.973155 -0.973155 -0.082736 -0.082736 -0.082736 -0.082736
2.040000 -0.554886 0.707685 0.618236 -0.990918 -0.990918 -0.990918 -0.990918 -0.297390 -0.297390 -0.297390 -0.297390
2.060000 -0.478944 0.780237 0.588767 -0.997666 -0.997666 -0.997666 -0.997666 -0.494434 -0.494434 -0.494434 -0.494434
2.080000 -0.426684 0.833809 0.554061 -0.994070 -0.994070 -0.994070 -0.994070 -0.663590 -0.663590 -0.663590 -0.663590
2.100000 -0.403012 0.867610 0.511293 -0.981353 -0.981353 -0.981353 -0.981353 -0.797956 -0.797956 -0.797956 -0.797956
2.120000 -0.409677 0.881318 0.458588 -0.960808 -0.960808 -0.960808 -0.960808 -0.894728 -0.894728 -0.894728 -0.894728
2.140000 -0.445111 0.874781 0.395264 -0.933297 -0.933297 -0.933297 -0.933297 -0.955347 -0.955347 -0.955347 -0.955347
2.160000 -0.504619 0.847788 0.321903 -0.898825 -0.898825 -0.898825 -0.898825 -0.985013 -0.985013 -0.985013 -0.985013
2.180000 -0.580900 0.799978 0.240226 -0.856272 -0.856272 -0.856272 -0.856272 -0.991684 -0.991684 -0.991684 -0.991684
2.200000 -0.664845 0.730885 0.152827 -0.803355 -0.803355 -0.803355 -0.803355 -0.984675 -0.984675 -0.984675 -0.984675
2.220000 -0.746528 0.640134 0.062787 -0.736854 -0.736854 -0.736854 -0.736854 -0.973089 -0.973089 -0.973089 -0.973089
2.240000 -0.816278 0.527738 -0.026763 -0.653090 -0.653090 -0.653090 -0.653090 -0.964310 -0.964310 -0.964310 -0.964310
2.260000 -0.865723 0.394462 -0.113069 -0.548616 -0.548616 -0.548616 -0.548616 -0.962787 -0.962787 -0.962787 -0.962787
2.280000 -0.888674 0.242169 -0.194103 -0.421024 -0.421024 -0.421024 -0.421024 -0.969306 -0.969306 -0.969306 -0.969306
2.300000 -0.881775 0.074085 -0.268803 -0.269763 -0.269763 -0.269763 -0.269763 -0.980852 -0.980852 -0.980852 -0.980852
2.320000 -0.844826 -0.105074 -0.337147 -0.096835 -0.096835 -0.096835 -0.096835 -0.991117 -0.991117 -0.991117 -0.991117
2.340000 -0.780761 -0.289181 -0.400071 0.092758 0.092758 0.092758 0.092758 -0.991566 -0.991566 -0.991566 -0.991566
2.360000 -0.695279 -0.470984 -0.459218 0.290906 0.290906 0.290906 0.290906 -0.972931 -0.972931 -0.972931 -0.972931
2.380000 -0.596166 -0.642598 -0.516583 0.486698 0.486698 0.486698 0.486698 -0.926900 -0.926900 -0.926900 -0.926900
2.400000 -0.492408 -0.796165 -0.574061 0.667145 0.667145 0.667145 0.667145 -0.847766 -0.847766 -0.847766 -0.847766
2.420000 -0.393164 -0.924609 -0.633001 0.818283 0.818283 0.818283 0.818283 -0.733770 -0.733770 -0.733770 -0.733770
2.440000 -0.306757 -1.022397 -0.693798 0.926542 0.926542 0.926542 0.926542 -0.587923 -0.587923 -0.587923 -0.587923
2.460000 -0.239759 -1.086209 -0.755596 0.980263 0.980263 0.980263 0.980263 -0.418164 -0.418164 -0.418164 -0.418164
2.480000 -0.196297 -1.115423 -0.816152 0.971151 0.971151 0.971151 0.971151 -0.236788 -0.236788 -0.236788 -0.236788
2.500000 -0.177655 -1.112332 -0.871873 0.895522 0.895522 0.895522 0.895522 -0.059198 -0.059198 -0.059198 -0.059198
2.520000 -0.182195 -1.082044 -0.918060 0.755134 0.755134 0.755134 0.755134 0.097890 0.097890 0.097890 0.097890
2.540000 -0.205622 -1.032065 -0.949309 0.557507 0.557507 0.557507 0.557507 0.218547 0.218547 0.218547 0.218547
2.560000 -0.241548 -0.971564 -0.960059 0.315626 0.315626 0.315626 0.315626 0.289775 0.289775 0.289775 0.289775
2.580000 -0.282276 -0.910416 -0.945208 0.047035 0.047035 0.047035 0.047035 0.303394 0.303394 0.303394 0.303394
2.600000 -0.319719 -0.858105 -0.900748 -0.227611 -0.227611 -0.227611 -0.227611 0.257408 0.257408 0.257408 0.257408
2.620000 -0.346343 -0.822624 -0.824324 -0.486421 -0.486421 -0.486421 -0.486421 0.156638 0.156638 0.156638 0.156638
2.640000 -0.356005 -0.809484 -0.715674 -0.708345 -0.708345 -0.708345 -0.708345 0.012516 0.012516 0.012516 0.012516
2.660000 -0.344615 -0.820979 -0.576875 -0.875272 -0.875272 -0.875272 -0.875272 -0.157970 -0.157970 -0.157970 -0.157970
2.680000 -0.310521 -0.855789 -0.412376 -0.973875 -0.973875 -0.973875 -0.973875 -0.334074 -0.334074 -0.334074 -0.334074
2.700000 -0.254595 -0.908987 -0.228787 -0.997015 -0.997015 -0.997015 -0.997015 -0.493626 -0.493626 -0.493626 -0.493626
2.720000 -0.180002 -0.972478 -0.034458 -0.944520 -0.944520 -0.944520 -0.944520 -0.615618 -0.615618 -0.615618 -0.615618
2.740000 -0.091705 -1.035819 0.161127 -0.823244 -0.823244 -0.823244 -0.823244 -0.682713 -0.682713 -0.682713 -0.682713
2.760000 0.004246 -1.087350 0.348083 -0.646384 -0.646384 -0.646384 -0.646384 -0.683370 -0.683370 -0.683370 -0.683370
2.780000 0.101523 -1.115505 0.516908 -0.432111 -0.432111 -0.432111 -0.432111 -0.613309 -0.613309 -0.613309 -0.613309
2.800000 0.194344 -1.110167 0.659240 -0.201669 -0.201669 -0.201669 -0.201669 -0.476106 -0.476106 -0.476106 -0.476106
2.820000 0.278187 -1.063895 0.768517 0.022859 0.022859 0.022859 0.022859 -0.282854 -0.282854 -0.282854 -0.282854
2.840000 0.350305 -0.972880 0.840466 0.220859 0.220859 0.220859 0.220859 -0.050905 -0.050905 -0.050905 -0.050905
2.860000 0.409986 -0.837516 0.873384 0.375329 0.375329 0.375329 0.375329 0.198142 0.198142 0.198142 0.198142
2.880000 0.458510 -0.662501 0.868178 0.474599 0.474599 0.474599 0.474599 0.440982 0.440982 0.440982 0.440982
2.900000 0.498815 -0.456447 0.828168 0.513445 0.513445 0.513445 0.513445 0.655329 0.655329 0.655329 0.655329
2.920000 0.534924 -0.231042 0.758680 0.493474 0.493474 0.493474 0.493474 0.822519 0.822519 0.822519 0.822519
2.940000 0.571202 0.000158 0.666472 0.422751 0.422751 0.422751 0.422751 0.929644 0.929644 0.929644 0.929644
2.960000 0.611544 0.223156 0.559058 0.314711 0.314711 0.314711 0.314711 0.970968 0.970968 0.970968 0.970968
2.980000 0.658619 0.425005 0.444009 0.186502 0.186502 0.186502 0.186502 0.948450 0.948450 0.948450 0.948450
3.000000 0.713259 0.595179 0.328287 0.056946 0.056946 0.056946 0.056946 0.871318 0.871318 0.871318 0.871318
3.020000 0.774108 0.726658 0.217700 -0.055619 -0.055619 -0.055619 -0.055619 0.754757 0.754757 0.754757 0.754757
3.040000 0.837576 0.816596 0.116508 -0.135388 -0.135388 -0.135388 -0.135388 0.617897 0.617897 0.617897 0.617897
3.060000 0.898117 0.866486 0.027227 -0.170781 -0.170781 -0.170781 -0.170781 0.481344 0.481344 0.481344 0.481344
3.080000 0.948838 0.881788 -0.049371 -0.155595 -0.155595 -0.155595 -0.155595 0.364602 0.364602 0.364602 0.364602
3.100000 0.982334 0.871081 -0.114069 -0.089510 -0.089510 -0.089510 -0.089510 0.283682 0.283682 0.283682 0.283682
3.120000 0.991694 0.844813 -0.168862 0.022100 0.022100 0.022100 0.022100 0.249221 0.249221 0.249221 0.249221
3.140000 0.971524 0.813824 -0.216520 0.168982 0.168982 0.168982 0.168982 0.265321 0.265321 0.265321 0.265321
3.160000 0.918866 0.787820 -0.260101 0.337346 0.337346 0.337346 0.337346 0.329253 0.329253 0.329253 0.329253
3.180000 0.833890 0.773984 -0.302488 0.511517 0.511517 0.511517 0.511517 0.432037 0.432037 0.432037 0.432037
3.200000 0.720248 0.775919 -0.345998 0.675717 0.675717 0.675717 0.675717 0.559793 0.559793 0.559793 0.559793
3.220000 0.585020 0.793066 -0.392112 0.815728 0.815728 0.815728 0.815728 0.695696 0.695696 0.695696 0.695696
3.240000 0.438240 0.820672 -0.441347 0.920264 0.920264 0.920264 0.920264 0.822231 0.822231 0.822231 0.822231
3.260000 0.292022 0.850355 -0.493278 0.981886 0.981886 0.981886 0.981886 0.923486 0.923486 0.923486 0.923486
3.280000 0.159360 0.871185 -0.546697 0.997391 0.997391 0.997391 0.997391 0.987151 0.987151 0.987151 0.987151
3.300000 0.052749 0.871191 -0.599880 0.967660 0.967660 0.967660 0.967660 1.006004 1.006004 1.006004 1.006004
3.320000 -0.017261 0.839081 -0.650911 0.897045 0.897045 0.897045 0.897045 0.978685 0.978685 0.978685 0.978685
3.340000 -0.043374 0.765999 -0.698020 0.792394 0.792394 0.792394 0.792394 0.909683 0.909683 0.909683 0.909683
3.360000 -0.022582 0.647064 -0.739874 0.661903 0.661903 0.661903 0.661903 0.808575 0.808575 0.808575 0.808575
3.380000 0.043214 0.482506 -0.775795 0.513969 0.513969 0.513969 0.513969 0.688634 0.688634 0.688634 0.688634
3.400000 0.147093 0.278217 -0.805847 0.356208 0.356208 0.356208 0.356208 0.565004 0.565004 0.565004 0.565004
3.420000 0.277566 0.045628 -0.830806 0.194780 0.194780 0.194780 0.194780 0.452719 0.452719 0.452719 0.452719
3.440000 0.419538 -0.199117 -0.851997 0.034097 0.034097 0.034097 0.034097 0.364818 0.364818 0.364818 0.364818
3.460000 0.555740 -0.436622 -0.871035 -0.123067 -0.123067 -0.123067 -0.123067 0.310801 0.310801 0.310801 0.310801
3.480000 0.668462 -0.646202 -0.889498 -0.275120 -0.275120 -0.275120 -0.275120 0.295637 0.295637 0.295637 0.295637
3.500000 0.741430 -0.808128 -0.908598 -0.420958 -0.420958 -0.420958 -0.420958 0.319412 0.319412 0.319412 0.319412
3.520000 0.761620 -0.905910 -0.928877 -0.559172 -0.559172 -0.559172 -0.559172 0.377646 0.377646 0.377646 0.377646
3.540000 0.720808 -0.928351 -0.950000 -0.687335 -0.687335 -0.687335 -0.687335 0.462205 0.462205 0.462205 0.462205
3.560000 0.616687 -0.871113 -0.970682 -0.801523 -0.801523 -0.801523 -0.801523 0.562650 0.562650 0.562650 0.562650
3.580000 0.453396 -0.737605 -0.988748 -0.896174 -0.896174 -0.896174 -0.896174 0.667803 0.667803 0.667803 0.667803
3.600000 0.241393 -0.539046 -1.001358 -0.964380 -0.964380 -0.964380 -0.964380 0.767317 0.767317 0.767317 0.767317
3.620000 -0.003333 -0.293668 -1.005362 -0.998574 -0.998574 -0.998574 -0.998574 0.853000 0.853000 0.853000 0.853000
3.640000 -0.260671 -0.025109 -0.997741 -0.991576 -0.991576 -0.991576 -0.991576 0.919723 0.919723 0.919723 0.919723
3.660000 -0.508267 0.239857 -0.976097 -0.937828 -0.937828 -0.937828 -0.937828 0.965790 0.965790 0.965790 0.965790
3.680000 -0.723704 0.474012 -0.939111 -0.834662 -0.834662 -0.834662 -0.834662 0.992737 0.992737 0.992737 0.992737
3.700000 -0.886757 0.652548 -0.886911 -0.683378 -0.683378 -0.683378 -0.683378 1.004611 1.004611 1.004611 1.004611
3.720000 -0.981490 0.755746 -0.821292 -0.489956 -0.489956 -0.489956 -0.489956 1.006860 1.006860 1.006860 1.006860
3.740000 -0.997970 0.771198 -0.745748 -0.265222 -0.265222 -0.265222 -0.265222 1.005015 1.005015 1.005015 1.005015
3.760000 -0.933415 0.695305 -0.665284 -0.024404 -0.024404 -0.024404 -0.024404 1.003392 1.003392 1.003392 1.003392
3.780000 -0.792641 0.533872 -0.586026 0.213957 0.213957 0.213957 0.213957 1.004016 1.004016 1.004016 1.004016
3.800000 -0.587745 0.301715 -0.514643 0.429659 0.429659 0.429659 0.429659 1.005957 1.005957 1.005957 1.005957
3.820000 -0.337052 0.021284 -0.457657 0.602881 0.602881 0.602881 0.602881 1.005186 1.005186 1.005186 1.005186
3.840000 -0.063409 -0.279541 -0.420694 0.716405 0.716405 0.716405 0.716405 0.995002 0.995002 0.995002 0.995002
3.860000 0.207994 -0.570289 -0.407772 0.757737 0.757737 0.757737 0.757737 0.966976 0.966976 0.966976 0.966976
3.880000 0.452071 -0.821052 -0.420719 0.720855 0.720855 0.720855 0.720855 0.912295 0.912295 0.912295 0.912295
3.900000 0.646296 -1.005635 -0.458782 0.607342 0.607342 0.607342 0.607342 0.823304 0.823304 0.823304 0.823304
3.920000 0.772926 -1.104349 -0.518504 0.426707 0.426707 0.426707 0.426707 0.695040 0.695040 0.695040 0.695040
3.940000 0.820751 -1.106149 -0.593891 0.195822 0.195822 0.195822 0.195822 0.526504 0.526504 0.526504 0.526504
3.960000 0.786199 -1.009883 -0.676874 -0.062535 -0.062535 -0.062535 -0.062535 0.321494 0.321494 0.321494 0.321494
3.980000 0.673679 -0.824492 -0.758031 -0.321882 -0.321882 -0.321882 -0.321882 0.088828 0.088828 0.088828 0.088828
4.000000 0.495119 -0.568153 -0.827510 -0.554778 -0.554778 -0.554778 -0.554778 -0.158094 -0.158094 -0.158094 -0.158094
4.020000 0.268754 -0.266436 -0.876049 -0.735787 -0.735787 -0.735787 -0.735787 -0.402377 -0.402377 -0.402377 -0.402377
4.040000 0.017279 0.050335 -0.895995 -0.844337 -0.844337 -0.844337 -0.844337 -0.625250 -0.625250 -0.625250 -0.625250
4.060000 -0.234422 0.350222 -0.882212 -0.867120 -0.867120 -0.867120 -0.867120 -0.808040 -0.808040 -0.808040 -0.808040
4.080000 -0.461765 0.602990 -0.832752 -0.799730 -0.799730 -0.799730 -0.799730 -0.934255 -0.934255 -0.934255 -0.934255
4.100000 -0.642885 0.783250 -0.749228 -0.647338 -0.647338 -0.647338 -0.647338 -0.991521 -0.991521 -0.991521 -0.991521
4.120000 -0.760762 0.873071 -0.636811 -0.424270 -0.424270 -0.424270 -0.424270 -0.973133 -0.973133 -0.973133 -0.973133
4.140000 -0.804822 0.863804 -0.503840 -0.152528 -0.152528 -0.152528 -0.152528 -0.878997 -0.878997 -0.878997 -0.878997
4.160000 -0.771858 0.756909 -0.361078 0.140602 0.140602 0.140602 0.140602 -0.715867 -0.715867 -0.715867 -0.715867
4.180000 -0.666187 0.563707 -0.220662 0.425593 0.425593 0.425593 0.425593 -0.496794 -0.496794 -0.496794 -0.496794
4.200000 -0.499030 0.304091 -0.094857 0.674022 0.674022 0.674022 0.674022 -0.239880 -0.239880 -0.239880 -0.239880
4.220000 -0.287196 0.004338 0.005259 0.861824 0.861824 0.861824 0.861824 0.033547 0.033547 0.033547 0.033547
4.240000 -0.051221 -0.305739 0.071035 0.972060 0.972060 0.972060 0.972060 0.301116 0.301116 0.301116 0.301116
4.260000 0.186848 -0.595972 0.097290 0.996872 0.996872 0.996872 0.996872 0.541696 0.541696 0.541696 0.541696
4.280000 0.405759 -0.839026 0.083011 0.938368 0.938368 0.938368 0.938368 0.737514 0.737514 0.737514 0.737514
4.300000 0.587235 -1.013227 0.031645 0.808329 0.808329 0.808329 0.808329 0.875863 0.875863 0.875863 0.875863
4.320000 0.717771 -1.104752 -0.049098 0.626753 0.626753 0.626753 0.626753 0.950204 0.950204 0.950204 0.950204
4.340000 0.789888 -1.108931 -0.147894 0.419405 0.419405 0.419405 0.419405 0.960555 0.960555 0.960555 0.960555
4.360000 0.802695 -1.030542 -0.250890 0.214663 0.214663 0.214663 0.214663 0.913121 0.913121 0.913121 0.913121
4.380000 0.761734 -0.883086 -0.343096 0.040027 0.040027 0.040027 0.040027 0.819256 0.819256 0.819256 0.819256
4.400000 0.678127 -0.687126 -0.409971 -0.081261 -0.081261 -0.081261 -0.081261 0.693876 0.693876 0.693876 0.693876
4.420000 0.567122 -0.467883 -0.439029 -0.133107 -0.133107 -0.133107 -0.133107 0.553544 0.553544 0.553544 0.553544
4.440000 0.446228 -0.252381 -0.421297 -0.108571 -0.108571 -0.108571 -0.108571 0.414470 0.414470 0.414470 0.414470
4.460000 0.333135 -0.066436 -0.352463 -0.010759 -0.010759 -0.010759 -0.010759 0.290660 0.290660 0.290660 0.290660
4.480000 0.243650 0.068166 -0.233582 0.147525 0.147525 0.147525 0.147525 0.192435 0.192435 0.192435 0.192435
4.500000 0.189886 0.136000 -0.071246 0.345342 0.345342 0.345342 0.345342 0.125481 0.125481 0.125481 0.125481
4.520000 0.178892 0.129602 0.122814 0.556199 0.556199 0.556199 0.556199 0.090526 0.090526 0.090526 0.090526
4.540000 0.211877 0.050168 0.332691 0.751350 0.751350 0.751350 0.751350 0.083637 0.083637 0.083637 0.083637
4.560000 0.284094 -0.092698 0.539728 0.903408 0.903408 0.903408 0.903408 0.097086 0.097086 0.097086 0.097086
4.580000 0.385417 -0.282146 0.724298 0.989831 0.989831 0.989831 0.989831 0.120630 0.120630 0.120630 0.120630
4.600000 0.501504 -0.496009 0.867745 0.995839 0.995839 0.995839 0.995839 0.143035 0.143035 0.143035 0.143035
4.620000 0.615455 -0.709269 0.954314 0.916408 0.916408 0.916408 0.916408 0.153622 0.153622 0.153622 0.153622
4.640000 0.709746 -0.896796 0.972853 0.757071 0.757071 0.757071 0.757071 0.143654 0.143654 0.143654 0.143654
4.660000 0.768250 -1.036037 0.918118 0.533431 0.533431 0.533431 0.533431 0.107383 0.107383 0.107383 0.107383
4.680000 0.778104 -1.109388 0.791529 0.269409 0.269409 0.269409 0.269409 0.042648 0.042648 0.042648 0.042648
4.700000 0.731245 -1.105996 0.601291 -0.005545 -0.005545 -0.005545 -0.005545 -0.049034 -0.049034 -0.049034 -0.049034
4.720000 0.625425 -1.022809 0.361843 -0.259969 -0.259969 -0.259969 -0.259969 -0.162853 -0.162853 -0.162853 -0.162853
4.740000 0.464614 -0.864790 0.092675 -0.464199 -0.464199 -0.464199 -0.464199 -0.291499 -0.291499 -0.291499 -0.291499
4.760000 0.258747 -0.644299 -0.183385 -0.594016 -0.594016 -0.594016 -0.594016 -0.426233 -0.426233 -0.426233 -0.426233
4.780000 0.022843 -0.379728 -0.442248 -0.633674 -0.633674 -0.633674 -0.633674 -0.558064 -0.558064 -0.558064 -0.558064
4.800000 -0.224415 -0.093565 -0.660822 -0.577948 -0.577948 -0.577948 -0.577948 -0.678881 -0.678881 -0.678881 -0.678881
4.820000 -0.462472 0.189891 -0.819222 -0.432925 -0.432925 -0.432925 -0.432925 -0.782384 -0.782384 -0.782384 -0.782384
4.840000 -0.670899 0.446916 -0.902702 -0.215452 -0.215452 -0.215452 -0.215452 -0.864696 -0.864696 -0.864696 -0.864696
4.860000 -0.831372 0.656586 -0.903138 0.048727 0.048727 0.048727 0.048727 -0.924597 -0.924597 -0.924597 -0.924597
4.880000 -0.929444 0.802630 -0.819888 0.327914 0.327914 0.327914 0.327914 -0.963362 -0.963362 -0.963362 -0.963362
4.900000 -0.955925 0.874730 -0.659943 0.588147 0.588147 0.588147 0.588147 -0.984256 -0.984256 -0.984256 -0.984256
4.920000 -0.907752 0.869169 -0.437352 0.797200 0.797200 0.797200 0.797200 -0.991775 -0.991775 -0.991775 -0.991775
4.940000 -0.788245 0.788799 -0.171955 0.928403 0.928403 0.928403 0.928403 -0.990745 -0.990745 -0.990745 -0.990745
4.960000 -0.606773 0.642381 0.112439 0.963849 0.963849 0.963849 0.963849 -0.985432 -0.985432 -0.985432 -0.985432
4.980000 -0.377839 0.443402 0.390274 0.896585 0.896585 0.896585 0.896585 -0.978781 -0.978781 -0.978781 -0.978781
5.000000 -0.119717 0.208540 0.636634 0.731529 0.731529 0.731529 0.731529 -0.971885 -0.971885 -0.971885 -0.971885
5.020000 0.147231 -0.044037 0.829584 0.485005 0.485005 0.485005 0.485005 -0.963778 -0.963778 -0.963778 -0.963778
5.040000 0.402380 -0.296350 0.952210 0.182936 0.182936 0.182936 0.182936 -0.951538 -0.951538 -0.951538 -0.951538
5.060000 0.626624 -0.532083 0.994184 -0.142080 -0.142080 -0.142080 -0.142080 -0.930721 -0.930721 -0.930721 -0.930721
5.080000 0.803964 -0.737722 0.952686 -0.454487 -0.454487 -0.454487 -0.454487 -0.896020 -0.896020 -0.896020 -0.896020
5.100000 0.922736 -0.903281 0.832587 -0.719825 -0.719825 -0.719825 -0.719825 -0.842086 -0.842086 -0.842086 -0.842086
5.120000 0.976401 -1.022572 0.645904 -0.908674 -0.908674 -0.908674 -0.908674 -0.764383 -0.764383 -0.764383 -0.764383
5.140000 0.963838 -1.093065 0.410553 -1.000000 -1.000000 -1.000000 -1.000000 -0.659960 -0.659960 -0.659960 -0.659960
5.160000 0.889143 -1.115411 0.148548 -0.983548 -0.983548 -0.983548 -0.983548 -0.528052 -0.528052 -0.528052 -0.528052
5.180000 0.760981 -1.092730 -0.116183 -0.860983 -0.860983 -0.860983 -0.860983 -0.370425 -0.370425 -0.370425 -0.370425
5.200000 0.591586 -1.029811 -0.360140 -0.645680 -0.645680 -0.645680 -0.645680 -0.191430 -0.191430 -0.191430 -0.191430
5.220000 0.395528 -0.932334 -0.562520 -0.361173 -0.361173 -0.361173 -0.361173 0.002236 0.002236 0.002236 0.002236
5.240000 0.188376 -0.806229 -0.707193 -0.038484 -0.038484 -0.038484 -0.038484 0.202028 0.202028 0.202028 0.202028
5.260000 -0.014607 -0.657249 -0.784188 0.287384 0.287384 0.287384 0.287384 0.398240 0.398240 0.398240 0.398240
5.280000 -0.199613 -0.490778 -0.790535 0.581351 0.581351 0.581351 0.581351 0.580808 0.580808 0.580808 0.580808
5.300000 -0.355207 -0.311878 -0.730417 0.812123 0.812123 0.812123 0.812123 0.740126 0.740126 0.740126 0.740126
5.320000 -0.472939 -0.125515 -0.614585 0.955576 0.955576 0.955576 0.955576 0.867794 0.867794 0.867794 0.867794
5.340000 -0.547632 0.063121 -0.459140 0.997282 0.997282 0.997282 0.997282 0.957232 0.957232 0.957232 0.957232
5.360000 -0.577371 0.248285 -0.283789 0.933907 0.933907 0.933907 0.933907 1.004094 1.004094 1.004094 1.004094
5.380000 -0.563220 0.423449 -0.109769 0.773345 0.773345 0.773345 0.773345 1.006481 1.006481 1.006481 1.006481
5.400000 -0.508754 0.581256 0.042354 0.533606 0.533606 0.533606 0.533606 0.964939 0.964939 0.964939 0.964939
5.420000 -0.419463 0.713698 0.154785 0.240610 0.240610 0.240610 0.240610 0.882280 0.882280 0.882280 0.882280
5.440000 -0.302133 0.812556 0.214285 -0.074835 -0.074835 -0.074835 -0.074835 0.763260 0.763260 0.763260 0.763260
5.460000 -0.164250 0.870056 0.213474 -0.380515 -0.380515 -0.380515 -0.380515 0.614175 0.614175 0.614175 0.614175
5.480000 -0.013502 0.879689 0.151517 -0.646331 -0.646331 -0.646331 -0.646331 0.442409 0.442409 0.442409 0.442409
5.500000 0.142600 0.837083 0.034145 -0.847482 -0.847482 -0.847482 -0.847482 0.255996 0.255996 0.255996 0.255996
5.520000 0.296973 0.740824 -0.126992 -0.966953 -0.966953 -0.966953 -0.966953 0.063213 0.063213 0.063213 0.063213
5.540000 0.443087 0.593088 -0.315564 -0.997058 -0.997058 -0.997058 -0.997058 -0.127776 -0.127776 -0.127776 -0.127776
5.560000 0.575011 0.399989 -0.512248 -0.939901 -0.939901 -0.939901 -0.939901 -0.309217 -0.309217 -0.309217 -0.309217
5.580000 0.687406 0.171548 -0.696699 -0.806745 -0.806745 -0.806745 -0.806745 -0.474019 -0.474019 -0.474019 -0.474019
5.600000 0.775516 -0.078746 -0.849596 -0.616407 -0.616407 -0.616407 -0.616407 -0.615968 -0.615968 -0.615968 -0.615968
5.620000 0.835198 -0.334775 -0.954563 -0.392905 -0.392905 -0.392905 -0.392905 -0.729925 -0.729925 -0.729925 -0.729925
5.640000 0.863006 -0.578982 -0.999764 -0.162640 -0.162640 -0.162640 -0.162640 -0.812010 -0.812010 -0.812010 -0.812010
5.660000 0.856353 -0.793791 -0.979036 0.048531 0.048531 0.048531 0.048531 -0.859776 -0.859776 -0.859776 -0.859776
5.680000 0.813733 -0.963140 -0.892446 0.218026 0.218026 0.218026 0.218026 -0.872368 -0.872368 -0.872368 -0.872368
5.700000 0.734975 -1.073939 -0.746229 0.328751 0.328751 0.328751 0.328751 -0.850634 -0.850634 -0.850634 -0.850634
5.720000 0.621499 -1.117330 -0.552135 0.370611 0.370611 0.370611 0.370611 -0.797192 -0.797192 -0.797192 -0.797192
5.740000 0.476512 -1.089571 -0.326255 0.341171 0.341171 0.341171 0.341171 -0.716393 -0.716393 -0.716393 -0.716393
5.760000 0.305107 -0.992470 -0.087464 0.245461 0.245461 0.245461 0.245461 -0.614182 -0.614182 -0.614182 -0.614182
5.780000 0.114217 -0.833288 0.144370 0.094999 0.094999 0.094999 0.094999 -0.497841 -0.497841 -0.497841 -0.497841
5.800000 -0.087604 -0.624121 0.350211 -0.093793 -0.093793 -0.093793 -0.093793 -0.375601 -0.375601 -0.375601 -0.375601
5.820000 -0.290570 -0.380808 0.513553 -0.301579 -0.301579 -0.301579 -0.301579 -0.256157 -0.256157 -0.256157 -0.256157
5.840000 -0.484223 -0.121486 0.621818 -0.508234 -0.508234 -0.508234 -0.508234 -0.148096 -0.148096 -0.148096 -0.148096
5.860000 -0.658116 0.135076 0.667344 -0.694864 -0.694864 -0.694864 -0.694864 -0.059308 -0.059308 -0.059308 -0.059308
5.880000 -0.802559 0.371185 0.647867 -0.845516 -0.845516 -0.845516 -0.845516 0.003596 0.003596 0.003596 0.003596
5.900000 -0.909366 0.571794 0.566491 -0.948406 -0.948406 -0.948406 -0.948406 0.035780 0.035780 0.035780 0.035780
5.920000 -0.972527 0.725778 0.431167 -0.996588 -0.996588 -0.996588 -0.996588 0.034563 0.034563 0.034563 0.034563
5.940000 -0.988721 0.826787 0.253749 -0.988057 -0.988057 -0.988057 -0.988057 -0.000368 -0.000368 -0.000368 -0.000368
5.960000 -0.957622 0.873589 0.048760 -0.925328 -0.925328 -0.925328 -0.925328 -0.066925 -0.066925 -0.066925 -0.066925
5.980000 -0.881950 0.869892 -0.168006 -0.814624 -0.814624 -0.814624 -0.814624 -0.160776 -0.160776 -0.160776 -0.160776
6.000000 -0.767261 0.823661 -0.380898 -0.664814 -0.664814 -0.664814 -0.664814 -0.275669 -0.275669 -0.275669 -0.275669
6.020000 -0.621468 0.746031 -0.575696 -0.486267 -0.486267 -0.486267 -0.486267 -0.403897 -0.403897 -0.403897 -0.403897
6.040000 -0.454170 0.649944 -0.740652 -0.289771 -0.289771 -0.289771 -0.289771 -0.536855 -0.536855 -0.536855 -0.536855
6.060000 -0.275810 0.548660 -0.867206 -0.085646 -0.085646 -0.085646 -0.085646 -0.665640 -0.665640 -0.665640 -0.665640
6.080000 -0.096786 0.454320 -0.950329 0.116876 0.116876 0.116876 0.116876 -0.781644 -0.781644 -0.781644 -0.781644
6.100000 0.073425 0.376714 -0.988498 0.309974 0.309974 0.309974 0.309974 -0.877091 -0.877091 -0.877091 -0.877091
6.120000 0.227030 0.322377 -0.983331 0.487282 0.487282 0.487282 0.487282 -0.945499 -0.945499 -0.945499 -0.945499
6.140000 0.358489 0.294113 -0.938969 0.643728 0.643728 0.643728 0.643728 -0.982019 -0.982019 -0.982019 -0.982019
6.160000 0.464846 0.290962 -0.861300 0.775239 0.775239 0.775239 0.775239 -0.983682 -0.983682 -0.983682 -0.983682
6.180000 0.545780 0.308620 -0.757122 0.878428 0.878428 0.878428 0.878428 -0.949515 -0.949515 -0.949515 -0.949515
6.200000 0.603383 0.340214 -0.633361 0.950347 0.950347 0.950347 0.950347 -0.880568 -0.880568 -0.880568 -0.880568
6.220000 0.641700 0.377348 -0.496434 0.988377 0.988377 0.988377 0.988377 -0.779856 -0.779856 -0.779856 -0.779856
6.240000 0.666076 0.411273 -0.351809 0.990291 0.990291 0.990291 0.990291 -0.652221 -0.652221 -0.652221 -0.652221
6.260000 0.682395 0.434033 -0.203815 0.954490 0.954490 0.954490 0.954490 -0.504124 -0.504124 -0.504124 -0.504124
6.280000 0.696304 0.439463 -0.055685 0.880362 0.880362 0.880362 0.880362 -0.343380 -0.343380 -0.343380 -0.343380
6.300000 0.712489 0.423919 0.090203 0.768714 0.768714 0.768714 0.768714 -0.178810 -0.178810 -0.178810 -0.178810
6.320000 0.734111 0.386656 0.231930 0.622164 0.622164 0.622164 0.622164 -0.019823 -0.019823 -0.019823 -0.019823
6.340000 0.762441 0.329842 0.367589 0.445420 0.445420 0.445420 0.445420 0.124085 0.124085 0.124085 0.124085
6.360000 0.796736 0.258202 0.494851 0.245360 0.245360 0.245360 0.245360 0.243906 0.243906 0.243906 0.243906
6.380000 0.834369 0.178373 0.610641 0.030866 0.030866 0.030866 0.030866 0.331759 0.331759 0.331759 0.331759
6.400000 0.871183 0.098036 0.710986 -0.187612 -0.187612 -0.187612 -0.187612 0.381546 0.381546 0.381546 0.381546
6.420000 0.902028 0.024974 0.791068 -0.398739 -0.398739 -0.398739 -0.398739 0.389586 0.389586 0.389586 0.389586
6.440000 0.921409 -0.033857 0.845508 -0.591151 -0.591151 -0.591151 -0.591151 0.355155 0.355155 0.355155 0.355155
6.460000 0.924167 -0.073100 0.868852 -0.754410 -0.754410 -0.754410 -0.754410 0.280858 0.280858 0.280858 0.280858
6.480000 0.906117 -0.089544 0.856202 -0.879938 -0.879938 -0.879938 -0.879938 0.172768 0.172768 0.172768 0.172768
6.500000 0.864561 -0.082374 0.803936 -0.961809 -0.961809 -0.961809 -0.961809 0.040259 0.040259 0.040259 0.040259
6.520000 0.798632 -0.053115 0.710404 -0.997317 -0.997317 -0.997317 -0.997317 -0.104491 -0.104491 -0.104491 -0.104491
6.540000 0.709417 -0.005282 0.576519 -0.987224 -0.987224 -0.987224 -0.987224 -0.247337 -0.247337 -0.247337 -0.247337
6.560000 0.599872 0.056191 0.406150 -0.935667 -0.935667 -0.935667 -0.935667 -0.373304 -0.373304 -0.373304 -0.373304
6.580000 0.474529 0.125670 0.206250 -0.849719 -0.849719 -0.849719 -0.849719 -0.467939 -0.467939 -0.467939 -0.467939
6.600000 0.339047 0.197584 -0.013325 -0.738654 -0.738654 -0.738654 -0.738654 -0.518766 -0.518766 -0.518766 -0.518766
6.620000 0.199668 0.267118 -0.240316 -0.613018 -0.613018 -0.613018 -0.613018 -0.516689 -0.516689 -0.516689 -0.516689
6.640000 0.062636 0.330763 -0.460849 -0.483585 -0.483585 -0.483585 -0.483585 -0.457182 -0.457182 -0.457182 -0.457182
6.660000 -0.066339 0.386637 -0.660449 -0.360357 -0.360357 -0.360357 -0.360357 -0.341114 -0.341114 -0.341114 -0.341114
6.680000 -0.182514 0.434549 -0.825197 -0.251691 -0.251691 -0.251691 -0.251691 -0.175071 -0.175071 -0.175071 -0.175071
6.700000 -0.282401 0.475809 -0.942915 -0.163684 -0.163684 -0.163684 -0.163684 0.028907 0.028907 0.028907 0.028907
6.720000 -0.363877 0.512811 -1.004260 -0.099839 -0.099839 -0.099839 -0.099839 0.254189 0.254189 0.254189 0.254189
6.740000 -0.426117 0.548461 -1.003625 -0.061075 -0.061075 -0.061075 -0.061075 0.480983 0.480983 0.480983 0.480983
6.760000 -0.469381 0.585531 -0.939743 -0.046029 -0.046029 -0.046029 -0.046029 0.688202 0.688202 0.688202 0.688202
6.780000 -0.494685 0.626041 -0.815926 -0.051608 -0.051608 -0.051608 -0.051608 0.855592 0.855592 0.855592 0.855592
6.800000 -0.503414 0.670746 -0.639914 -0.073690 -0.073690 -0.073690 -0.073690 0.965894 0.965894 0.965894 0.965894
6.820000 -0.496950 0.718822 -0.423327 -0.107872 -0.107872 -0.107872 -0.107872 1.006789 1.006789 1.006789 1.006789
6.840000 -0.476363 0.767787 -0.180785 -0.150161 -0.150161 -0.150161 -0.150161 0.972401 0.972401 0.972401 0.972401
6.860000 -0.442216 0.813675 0.071250 -0.197492 -0.197492 -0.197492 -0.197492 0.864135 0.864135 0.864135 0.864135
6.880000 -0.394522 0.851451 0.315782 -0.248029 -0.248029 -0.248029 -0.248029 0.690750 0.690750 0.690750 0.690750
6.900000 -0.332856 0.875610 0.536629 -0.301199 -0.301199 -0.301199 -0.301199 0.467592 0.467592 0.467592 0.467592
6.920000 -0.256605 0.880891 0.719687 -0.357473 -0.357473 -0.357473 -0.357473 0.215054 0.215054 0.215054 0.215054
6.940000 -0.165323 0.863008 0.853985 -0.417934 -0.417934 -0.417934 -0.417934 -0.043584 -0.043584 -0.043584 -0.043584
6.960000 -0.059143 0.819307 0.932446 -0.483715 -0.483715 -0.483715 -0.483715 -0.284716 -0.284716 -0.284716 -0.284716
6.980000 0.060842 0.749265 0.952291 -0.555397 -0.555397 -0.555397 -0.555397 -0.487060 -0.487060 -0.487060 -0.487060
7.000000 0.192260 0.654751 0.915047 -0.632477 -0.632477 -0.632477 -0.632477 -0.634108 -0.634108 -0.634108 -0.634108
7.020000 0.331298 0.540033 0.826186 -0.712984 -0.712984 -0.712984 -0.712984 -0.716041 -0.716041 -0.716041 -0.716041
7.040000 0.472718 0.411498 0.694430 -0.793332 -0.793332 -0.793332 -0.793332 -0.730887 -0.730887 -0.730887 -0.730887
7.060000 0.610072 0.277134 0.530812 -0.868429 -0.868429 -0.868429 -0.868429 -0.684740 -0.684740 -0.684740 -0.684740
7.080000 0.736127 0.145828 0.347577 -0.932046 -0.932046 -0.932046 -0.932046 -0.590993 -0.590993 -0.590993 -0.590993
7.100000 0.843442 0.026546 0.157060 -0.977407 -0.977407 -0.977407 -0.977407 -0.468649 -0.468649 -0.468649 -0.468649
7.120000 0.925062 -0.072489 -0.029372 -0.997925 -0.997925 -0.997925 -0.997925 -0.339904 -0.339904 -0.339904 -0.339904
7.140000 0.975243 -0.144547 -0.202203 -0.987982 -0.987982 -0.987982 -0.987982 -0.227272 -0.227272 -0.227272 -0.227272
7.160000 0.990119 -0.184977 -0.354402 -0.943660 -0.943660 -0.943660 -0.943660 -0.150622 -0.150622 -0.150622 -0.150622
7.180000 0.968239 -0.191571 -0.481762 -0.863305 -0.863305 -0.863305 -0.863305 -0.124478 -0.124478 -0.124478 -0.124478
7.200000 0.910888 -0.164673 -0.582927 -0.747859 -0.747859 -0.747859 -0.747859 -0.155961 -0.155961 -0.155961 -0.155961
7.220000 0.822153 -0.107029 -0.659132 -0.600912 -0.600912 -0.600912 -0.600912 -0.243627 -0.243627 -0.243627 -0.243627
7.240000 0.708692 -0.023412 -0.713704 -0.428445 -0.428445 -0.428445 -0.428445 -0.377402 -0.377402 -0.377402 -0.377402
7.260000 0.579237 0.079924 -0.751383 -0.238318 -0.238318 -0.238318 -0.238318 -0.539638 -0.539638 -0.539638 -0.539638
7.280000 0.443845 0.195885 -0.777576 -0.039549 -0.039549 -0.039549 -0.039549 -0.707208 -0.707208 -0.707208 -0.707208
7.300000 0.312996 0.317203 -0.797601 0.158510 0.158510 0.158510 0.158510 -0.854385 -0.854385 -0.854385 -0.854385
7.320000 0.196594 0.437028 -0.816036 0.347011 0.347011 0.347011 0.347011 -0.956173 -0.956173 -0.956173 -0.956173
7.340000 0.103018 0.549394 -0.836216 0.518342 0.518342 0.518342 0.518342 -0.991679 -0.991679 -0.991679 -0.991679
7.360000 0.038286 0.649517 -0.859939 0.666664 0.666664 0.666664 0.666664 -0.947085 -0.947085 -0.947085 -0.947085
7.380000 0.005451 0.733899 -0.887392 0.788210 0.788210 0.788210 0.788210 -0.817834 -0.817834 -0.817834 -0.817834
7.400000 0.004297 0.800255 -0.917294 0.881295 0.881295 0.881295 0.881295 -0.609724 -0.609724 -0.609724 -0.609724
7.420000 0.031364 0.847295 -0.947217 0.946069 0.946069 0.946069 0.946069 -0.338720 -0.338720 -0.338720 -0.338720
7.440000 0.080310 0.874420 -0.974033 0.984065 0.984065 0.984065 0.984065 -0.029485 -0.029485 -0.029485 -0.029485
7.460000 0.142585 0.881396 -0.994428 0.997606 0.997606 0.997606 0.997606 0.287250 0.287250 0.287250 0.287250
7.480000 0.208332 0.868070 -1.005397 0.989197 0.989197 0.989197 0.989197 0.578172 0.578172 0.578172 0.578172
7.500000 0.267433 0.834187 -1.004667 0.960973 0.960973 0.960973 0.960973 0.811322 0.811322 0.811322 0.811322
7.520000 0.310583 0.779335 -0.990992 0.914325 0.914325 0.914325 0.914325 0.960010 0.960010 0.960010 0.960010
7.540000 0.330269 0.703052 -0.964287 0.849733 0.849733 0.849733 0.849733 1.006212 1.006212 1.006212 1.006212
7.560000 0.321562 0.605055 -0.925586 0.766868 0.766868 0.766868 0.766868 0.943024 0.943024 0.943024 0.943024
7.580000 0.282616 0.485567 -0.876837 0.664920 0.664920 0.664920 0.664920 0.775837 0.775837 0.775837 0.775837
7.600000 0.214837 0.345681 -0.820573 0.543127 0.543127 0.543127 0.543127 0.522052 0.522052 0.522052 0.522052
7.620000 0.122689 0.187693 -0.759504 0.401395 0.401395 0.401395 0.401395 0.209345 0.209345 0.209345 0.209345
7.640000 0.013175 0.015321 -0.696093 0.240925 0.240925 0.240925 0.240925 -0.127356 -0.127356 -0.127356 -0.127356
7.660000 -0.104961 -0.166232 -0.632171 0.064724 0.064724 0.064724 0.064724 -0.449822 -0.449822 -0.449822 -0.449822
7.680000 -0.222215 -0.350420 -0.568660 -0.122107 -0.122107 -0.122107 -0.122107 -0.720960 -0.720960 -0.720960 -0.720960
7.700000 -0.329377 -0.529716 -0.505435 -0.312364 -0.312364 -0.312364 -0.312364 -0.909193 -0.909193 -0.909193 -0.909193
7.720000 -0.418532 -0.696165 -0.441349 -0.497063 -0.497063 -0.497063 -0.497063 -0.992254 -0.992254 -0.992254 -0.992254
7.740000 -0.483912 -0.842083 -0.374435 -0.666084 -0.666084 -0.666084 -0.666084 -0.959925 -0.959925 -0.959925 -0.959925
7.760000 -0.522487 -0.960826 -0.302249 -0.809072 -0.809072 -0.809072 -0.809072 -0.815374 -0.815374 -0.815374 -0.815374
7.780000 -0.534243 -1.047532 -0.222316 -0.916504 -0.916504 -0.916504 -0.916504 -0.574910 -0.574910 -0.574910 -0.574910
7.800000 -0.522116 -1.099739 -0.132635 -0.980800 -0.980800 -0.980800 -0.980800 -0.266171 -0.266171 -0.266171 -0.266171
7.820000 -0.491591 -1.117785 -0.032162 -0.997328 -0.997328 -0.997328 -0.997328 0.075062 0.075062 0.075062 0.075062
7.840000 -0.450020 -1.104930 0.078790 -0.965164 -0.965164 -0.965164 -0.965164 0.409039 0.409039 0.409039 0.409039
7.860000 -0.405747 -1.067146 0.198277 -0.887505 -0.887505 -0.887505 -0.887505 0.696725 0.696725 0.696725 0.696725
7.880000 -0.367131 -1.012584 0.322644 -0.771644 -0.771644 -0.771644 -0.771644 0.904417 0.904417 0.904417 0.904417
7.900000 -0.341597 -0.950766 0.446646 -0.628492 -0.628492 -0.628492 -0.628492 1.007746 1.007746 1.007746 1.007746
7.920000 -0.334817 -0.891561 0.563761 -0.471667 -0.471667 -0.471667 -0.471667 0.994578 0.994578 0.994578 0.994578
7.940000 -0.350111 -0.844076 0.666695 -0.316242 -0.316242 -0.316242 -0.316242 0.866468 0.866468 0.866468 0.866468
7.960000 -0.388148 -0.815576 0.748006 -0.177274 -0.177274 -0.177274 -0.177274 0.638475 0.638475 0.638475 0.638475
7.980000 -0.446960 -0.810567 0.800802 -0.068280 -0.068280 -0.068280 -0.068280 0.337379 0.337379 0.337379 0.337379
8.000000 -0.522269 -0.830163 0.819428 0.000167 0.000167 0.000167 0.000167 -0.001503 -0.001503 -0.001503 -0.001503
8.020000 -0.608081 -0.871819 0.800077 0.021574 0.021574 0.021574 0.021574 -0.338506 -0.338506 -0.338506 -0.338506
8.040000 -0.697459 -0.929484 0.741247 -0.005769 -0.005769 -0.005769 -0.005769 -0.634310 -0.634310 -0.634310 -0.634310
8.060000 -0.783390 -0.994171 0.644002 -0.078571 -0.078571 -0.078571 -0.078571 -0.854572 -0.854572 -0.854572 -0.854572
8.080000 -0.859621 -1.054895 0.511998 -0.188873 -0.188873 -0.188873 -0.188873 -0.973944 -0.973944 -0.973944 -0.973944
8.100000 -0.921370 -1.099874 0.351267 -0.324878 -0.324878 -0.324878 -0.324878 -0.979002 -0.979002 -0.979002 -0.979002
8.120000 -0.965821 -1.117880 0.169778 -0.472200 -0.472200 -0.472200 -0.472200 -0.869738 -0.869738 -0.869738 -0.869738
8.140000 -0.992337 -1.099562 -0.023180 -0.615395 -0.615395 -0.615395 -0.615395 -0.659457 -0.659457 -0.659457 -0.659457
8.160000 -1.002380 -1.038598 -0.217738 -0.739602 -0.739602 -0.739602 -0.739602 -0.373104 -0.373104 -0.373104 -0.373104
8.180000 -0.999145 -0.932541 -0.404232 -0.832106 -0.832106 -0.832106 -0.832106 -0.044237 -0.044237 -0.044237 -0.044237
8.200000 -0.986959 -0.783233 -0.573959 -0.883663 -0.883663 -0.883663 -0.883663 0.288973 0.288973 0.288973 0.288973
8.220000 -0.970531 -0.596741 -0.719824 -0.889430 -0.889430 -0.889430 -0.889430 0.588231 0.588231 0.588231 0.588231
8.240000 -0.954166 -0.382818 -0.836819 -0.849409 -0.849409 -0.849409 -0.849409 0.819557 0.819557 0.819557 0.819557
8.260000 -0.941028 -0.153923 -0.922302 -0.768360 -0.768360 -0.768360 -0.768360 0.957139 0.957139 0.957139 0.957139
8.280000 -0.932582 0.076077 -0.976031 -0.655205 -0.655205 -0.655205 -0.655205 0.986174 0.986174 0.986174 0.986174
8.300000 -0.928279 0.293370 -0.999983 -0.522004 -0.522004 -0.522004 -0.522004 0.904367 0.904367 0.904367 0.904367
8.320000 -0.925550 0.485676 -0.997970 -0.382619 -0.382619 -0.382619 -0.382619 0.721958 0.721958 0.721958 0.721958
8.340000 -0.920105 0.643535 -0.975112 -0.251230 -0.251230 -0.251230 -0.251230 0.460285 0.460285 0.460285 0.460285
8.360000 -0.906518 0.761267 -0.937220 -0.140865 -0.140865 -0.140865 -0.140865 0.149124 0.149124 0.149124 0.149124
8.380000 -0.879029 0.837482 -0.890163 -0.062115 -0.062115 -0.062115 -0.062115 -0.176879 -0.176879 -0.176879 -0.176879
8.400000 -0.832459 0.875059 -0.839289 -0.022158 -0.022158 -0.022158 -0.022158 -0.482217 -0.482217 -0.482217 -0.482217
8.420000 -0.763119 0.880618 -0.788959 -0.024190 -0.024190 -0.024190 -0.024190 -0.734500 -0.734500 -0.734500 -0.734500
8.440000 -0.669593 0.863512 -0.742229 -0.067301 -0.067301 -0.067301 -0.067301 -0.907935 -0.907935 -0.907935 -0.907935
8.460000 -0.553279 0.834491 -0.700719 -0.146798 -0.146798 -0.146798 -0.146798 -0.985929 -0.985929 -0.985929 -0.985929
8.480000 -0.418592 0.804184 -0.664658 -0.254895 -0.254895 -0.254895 -0.254895 -0.962537 -0.962537 -0.962537 -0.962537
8.500000 -0.272797 0.781596 -0.633092 -0.381680 -0.381680 -0.381680 -0.381680 -0.842659 -0.842659 -0.842659 -0.842659
8.520000 -0.125446 0.772816 -0.604215 -0.516238 -0.516238 -0.516238 -0.516238 -0.641004 -0.641004 -0.641004 -0.641004
8.540000 0.012519 0.780096 -0.575773 -0.647771 -0.647771 -0.647771 -0.647771 -0.380024 -0.380024 -0.380024 -0.380024
8.560000 0.129922 0.801454 -0.545483 -0.766621 -0.766621 -0.766621 -0.766621 -0.087105 -0.087105 -0.087105 -0.087105
8.580000 0.216638 0.830836 -0.511413 -0.865059 -0.865059 -0.865059 -0.865059 0.208608 0.208608 0.208608 0.208608
8.600000 0.264850 0.858867 -0.472271 -0.937786 -0.937786 -0.937786 -0.937786 0.479364 0.479364 0.479364 0.479364
8.620000 0.270146 0.874090 -0.427577 -0.982122 -0.982122 -0.982122 -0.982122 0.701560 0.701560 0.701560 0.701560
8.640000 0.232289 0.864560 -0.377692 -0.997878 -0.997878 -0.997878 -0.997878 0.857826 0.857826 0.857826 0.857826
8.660000 0.155567 0.819609 -0.323711 -0.986981 -0.986981 -0.986981 -0.986981 0.938225 0.938225 0.938225 0.938225
8.680000 0.048652 0.731551 -0.267248 -0.952912 -0.952912 -0.952912 -0.952912 0.940532 0.940532 0.940532 0.940532
8.700000 -0.076056 0.597108 -0.210141 -0.900067 -0.900067 -0.900067 -0.900067 0.869622 0.869622 0.869622 0.869622
8.720000 -0.203540 0.418369 -0.154130 -0.833127 -0.833127 -0.833127 -0.833127 0.736157 0.736157 0.736157 0.736157
8.740000 -0.317643 0.203120 -0.100561 -0.756512 -0.756512 -0.756512 -0.756512 0.554785 0.554785 0.554785 0.554785
8.760000 -0.402755 -0.035511 -0.050150 -0.674012 -0.674012 -0.674012 -0.674012 0.342152 0.342152 0.342152 0.342152
8.780000 -0.445542 -0.280105 -0.002865 -0.588583 -0.588583 -0.588583 -0.588583 0.114995 0.114995 0.114995 0.114995
8.800000 -0.436520 -0.510601 0.042070 -0.502355 -0.502355 -0.502355 -0.502355 -0.111453 -0.111453 -0.111453 -0.111453
8.820000 -0.371290 -0.706374 0.086037 -0.416787 -0.416787 -0.416787 -0.416787 -0.324564 -0.324564 -0.324564 -0.324564
8.840000 -0.251291 -0.848529 0.130770 -0.332943 -0.332943 -0.332943 -0.332943 -0.514861 -0.514861 -0.514861 -0.514861
8.860000 -0.083960 -0.922129 0.178016 -0.251810 -0.251810 -0.251810 -0.251810 -0.676017 -0.676017 -0.676017 -0.676017
8.880000 0.117745 -0.918120 0.229171 -0.174594 -0.174594 -0.174594 -0.174594 -0.804395 -0.804395 -0.804395 -0.804395
8.900000 0.336427 -0.834688 0.284924 -0.102939 -0.102939 -0.102939 -0.102939 -0.898313 -0.898313 -0.898313 -0.898313
8.920000 0.551857 -0.677878 0.344988 -0.039014 -0.039014 -0.039014 -0.039014 -0.957204 -0.957204 -0.957204 -0.957204
8.940000 0.742935 -0.461380 0.407940 0.014537 0.014537 0.014537 0.014537 -0.980871 -0.980871 -0.980871 -0.980871
8.960000 0.889831 -0.205442 0.471233 0.054793 0.054793 0.054793 0.054793 -0.969003 -0.969003 -0.969003 -0.969003
8.980000 0.976066 0.064975 0.531365 0.078858 0.078858 0.078858 0.078858 -0.921030 -0.921030 -0.921030 -0.921030
9.000000 0.990322 0.322634 0.584215 0.084230 0.084230 0.084230 0.084230 -0.836366 -0.836366 -0.836366 -0.836366
9.020000 0.927780 0.540806 0.625511 0.069174 0.069174 0.069174 0.069174 -0.714976 -0.714976 -0.714976 -0.714976
9.040000 0.790823 0.696099 0.651375 0.033037 0.033037 0.033037 0.033037 -0.558144 -0.558144 -0.558144 -0.558144
9.060000 0.589029 0.771015 0.658883 -0.023544 -0.023544 -0.023544 -0.023544 -0.369295 -0.369295 -0.369295 -0.369295
9.080000 0.338426 0.755957 0.646569 -0.098580 -0.098580 -0.098580 -0.098580 -0.154662 -0.154662 -0.154662 -0.154662
9.100000 0.060067 0.650443 0.614801 -0.188822 -0.188822 -0.188822 -0.188822 0.076356 0.076356 0.076356 0.076356
9.120000 -0.221933 0.463375 0.565972 -0.290008 -0.290008 -0.290008 -0.290008 0.311289 0.311289 0.311289 0.311289
9.140000 -0.482710 0.212311 0.504464 -0.397228 -0.397228 -0.397228 -0.397228 0.535196 0.535196 0.535196 0.535196
9.160000 -0.699080 -0.078206 0.436373 -0.505350 -0.505350 -0.505350 -0.505350 0.731765 0.731765 0.731765 0.731765
9.180000 -0.851842 -0.379096 0.369000 -0.609471 -0.609471 -0.609471 -0.609471 0.884814 0.884814 0.884814 0.884814
9.200000 -0.927708 -0.659718 0.310164 -0.705306 -0.705306 -0.705306 -0.705306 0.980022 0.980022 0.980022 0.980022
9.220000 -0.920656 -0.891063 0.267390 -0.789484 -0.789484 -0.789484 -0.789484 1.006670 1.006670 1.006670 1.006670
9.240000 -0.832576 -1.048820 0.247072 -0.859707 -0.859707 -0.859707 -0.859707 0.959161 0.959161 0.959161 0.959161
9.260000 -0.673118 -1.115984 0.253685 -0.914759 -0.914759 -0.914759 -0.914759 0.838095 0.838095 0.838095 0.838095
9.280000 -0.458764 -1.084719 0.289167 -0.954369 -0.954369 -0.954369 -0.954369 0.650707 0.650707 0.650707 0.650707
9.300000 -0.211216 -0.957267 0.352532 -0.978969 -0.978969 -0.978969 -0.978969 0.410592 0.410592 0.410592 0.410592
9.320000 0.044749 -0.745796 0.439779 -0.989376 -0.989376 -0.989376 -0.989376 0.136687 0.136687 0.136687 0.136687
9.340000 0.283722 -0.471195 0.544133 -0.986474 -0.986474 -0.986474 -0.986474 -0.148403 -0.148403 -0.148403 -0.148403
9.360000 0.482169 -0.160942 0.656594 -0.970936 -0.970936 -0.970936 -0.970936 -0.420550 -0.420550 -0.420550 -0.420550
9.380000 0.620726 0.153733 0.766774 -0.943040 -0.943040 -0.943040 -0.943040 -0.656485 -0.656485 -0.656485 -0.656485
9.400000 0.686072 0.441094 0.863922 -0.902614 -0.902614 -0.902614 -0.902614 -0.836138 -0.836138 -0.836138 -0.836138
9.420000 0.672165 0.672194 0.938050 -0.849118 -0.849118 -0.849118 -0.849118 -0.944654 -0.944654 -0.944654 -0.944654
9.440000 0.580739 0.823870 0.981032 -0.781850 -0.781850 -0.781850 -0.781850 -0.973842 -0.973842 -0.973842 -0.973842
9.460000 0.420999 0.881130 0.987556 -0.700235 -0.700235 -0.700235 -0.700235 -0.922882 -0.922882 -0.922882 -0.922882
9.480000 0.208572 0.838656 0.955821 -0.604169 -0.604169 -0.604169 -0.604169 -0.798208 -0.798208 -0.798208 -0.798208
9.500000 -0.036188 0.701274 0.887880 -0.494328 -0.494328 -0.494328 -0.494328 -0.612582 -0.612582 -0.612582 -0.612582
9.520000 -0.290339 0.483356 0.789584 -0.372405 -0.372405 -0.372405 -0.372405 -0.383490 -0.383490 -0.383490 -0.383490
9.540000 -0.530726 0.207204 0.670115 -0.241220 -0.241220 -0.241220 -0.241220 -0.131057 -0.131057 -0.131057 -0.131057
9.560000 -0.736314 -0.099388 0.541131 -0.104662 -0.104662 -0.104662 -0.104662 0.124250 0.124250 0.124250 0.124250
9.580000 -0.890263 -0.406126 0.415602 0.032531 0.032531 0.032531 0.032531 0.363843 0.363843 0.363843 0.363843
9.600000 -0.981515 -0.683443 0.306462 0.165145 0.165145 0.165145 0.165145 0.572885 0.572885 0.572885 0.572885
9.620000 -1.005732 -0.905604 0.225197 0.287974 0.287974 0.287974 0.287974 0.741598 0.741598 0.741598 0.741598
9.640000 -0.965508 -1.053348 0.180532 0.396353 0.396353 0.396353 0.396353 0.865850 0.865850 0.865850 0.865850
9.660000 -0.869841 -1.115806 0.177355 0.486670 0.486670 0.486670 0.486670 0.946990 0.946990 0.946990 0.946990
9.680000 -0.732933 -1.091476 0.216020 0.556781 0.556781 0.556781 0.556781 0.990983 0.990983 0.990983 0.990983
9.700000 -0.572459 -0.988173 0.292093 0.606276 0.606276 0.606276 0.606276 1.006986 1.006986 1.006986 1.006986
9.720000 -0.407509 -0.821980 0.396619 0.636546 0.636546 0.636546 0.636546 1.005593 1.005593 1.005593 1.005593
9.740000 -0.256424 -0.615305 0.516879 0.650632 0.650632 0.650632 0.650632 0.997003 0.997003 0.997003 0.997003
9.760000 -0.134767 -0.394305 0.637582 0.652880 0.652880 0.652880 0.652880 0.989366 0.989366 0.989366 0.989366
9.780000 -0.053649 -0.185932 0.742393 0.648431 0.648431 0.648431 0.648431 0.987545 0.987545 0.987545 0.987545
9.800000 -0.018585 -0.014953 0.815634 0.642619 0.642619 0.642619 0.642619 0.992452 0.992452 0.992452 0.992452
9.820000 -0.029000 0.098739 0.843998 0.640341 0.640341 0.640341 0.640341 1.001034 1.001034 1.001034 1.001034
9.840000 -0.078430 0.142237 0.818078 0.645507 0.645507 0.645507 0.645507 1.006897 1.006897 1.006897 1.006897
9.860000 -0.155389 0.110931 0.733570 0.660605 0.660605 0.660605 0.660605 1.001460 1.001460 1.001460 1.001460
9.880000 -0.244786 0.008895 0.591980 0.686478 0.686478 0.686478 0.686478 0.975448 0.975448 0.975448 0.975448
9.900000 -0.329752 -0.151679 0.400773 0.722306 0.722306 0.722306 0.722306 0.920508 0.920508 0.920508 0.920508
9.920000 -0.393656 -0.351924 0.172905 0.765814 0.765814 0.765814 0.765814 0.830700 0.830700 0.830700 0.830700
9.940000 -0.422079 -0.568428 -0.074219 0.813656 0.813656 0.813656 0.813656 0.703634 0.703634 0.703634 0.703634
9.960000 -0.404555 -0.775829 -0.320289 0.861928 0.861928 0.861928 0.861928 0.541095 0.541095 0.541095 0.541095
9.980000 -0.335863 -0.949566 -0.543975 0.906719 0.906719 0.906719 0.906719 0.349058 0.349058 0.349058 0.349058
10.000000 -0.216747 -1.068497 -0.724996 0.944628 0.944628 0.944628 0.944628 0.137097 0.137097 0.137097 0.137097
10.020000 -0.053976 -1.117101 -0.846142 0.973155 0.973155 0.973155 0.973155 -0.082736 -0.082736 -0.082736 -0.082736
10.040000 0.140247 -1.087050 -0.895072 0.990918 0.990918 0.990918 0.990918 -0.297390 -0.297390 -0.297390 -0.297390
10.060000 0.349472 -0.977982 -0.865669 0.997666 0.997666 0.997666 0.997666 -0.494434 -0.494434 -0.494434 -0.494434
10.080000 0.554653 -0.797433 -0.758837 0.994070 0.994070 0.994070 0.994070 -0.663590 -0.663590 -0.663590 -0.663590
10.100000 0.736090 -0.559959 -0.582622 0.981353 0.981353 0.981353 0.981353 -0.797956 -0.797956 -0.797956 -0.797956
10.120000 0.875444 -0.285554 -0.351637 0.960808 0.960808 0.960808 0.960808 -0.894728 -0.894728 -0.894728 -0.894728
10.140000 0.957633 0.002427 -0.085841 0.933297 0.933297 0.933297 0.933297 -0.955347 -0.955347 -0.955347 -0.955347
10.160000 0.972399 0.279613 0.191233 0.898825 0.898825 0.898825 0.898825 -0.985013 -0.985013 -0.985013 -0.985013
10.180000 0.915391 0.522982 0.454626 0.856272 0.856272 0.856272 0.856272 -0.991684 -0.991684 -0.991684 -0.991684
10.200000 0.788660 0.712978 0.680277 0.803355 0.803355 0.803355 0.803355 -0.984675 -0.984675 -0.984675 -0.984675
10.220000 0.600523 0.835202 0.847292 0.736854 0.736854 0.736854 0.736854 -0.973089 -0.973089 -0.973089 -0.973089
10.240000 0.364814 0.881496 0.939941 0.653090 0.653090 0.653090 0.653090 -0.964310 -0.964310 -0.964310 -0.964310
10.260000 0.099607 0.850371 0.949178 0.548616 0.548616 0.548616 0.548616 -0.962787 -0.962787 -0.962787 -0.962787
10.280000 -0.174446 0.746750 0.873530 0.421024 0.421024 0.421024 0.421024 -0.969306 -0.969306 -0.969306 -0.969306
10.300000 -0.436003 0.581121 0.719272 0.269763 0.269763 0.269763 0.269763 -0.980852 -0.980852 -0.980852 -0.980852
10.320000 -0.664943 0.368218 0.499854 0.096835 0.096835 0.096835 0.096835 -0.991117 -0.991117 -0.991117 -0.991117
10.340000 -0.844121 0.125409 0.234638 -0.092758 -0.092758 -0.092758 -0.092758 -0.991566 -0.991566 -0.991566 -0.991566
10.360000 -0.960806 -0.129024 -0.052929 -0.290906 -0.290906 -0.290906 -0.290906 -0.972931 -0.972931 -0.972931 -0.972931
10.380000 -1.007665 -0.377504 -0.337536 -0.486698 -0.486698 -0.486698 -0.486698 -0.926900 -0.926900 -0.926900 -0.926900
10.400000 -0.983222 -0.604543 -0.594405 -0.667145 -0.667145 -0.667145 -0.667145 -0.847766 -0.847766 -0.847766 -0.847766
10.420000 -0.891771 -0.797746 -0.801618 -0.818283 -0.818283 -0.818283 -0.818283 -0.733770 -0.733770 -0.733770 -0.733770
10.440000 -0.742780 -0.948382 -0.942163 -0.926542 -0.926542 -0.926542 -0.926542 -0.587923 -0.587923 -0.587923 -0.587923
10.460000 -0.549853 -1.051519 -1.005487 -0.980263 -0.980263 -0.980263 -0.980263 -0.418164 -0.418164 -0.418164 -0.418164
10.480000 -0.329389 -1.105753 -0.988404 -0.971151 -0.971151 -0.971151 -0.971151 -0.236788 -0.236788 -0.236788 -0.236788
10.500000 -0.099075 -1.112644 -0.895286 -0.895522 -0.895522 -0.895522 -0.895522 -0.059198 -0.059198 -0.059198 -0.059198
10.520000 0.123641 -1.075959 -0.737507 -0.755134 -0.755134 -0.755134 -0.755134 0.097890 0.097890 0.097890 0.097890
10.540000 0.322943 -1.000865 -0.532215 -0.557507 -0.557507 -0.557507 -0.557507 0.218547 0.218547 0.218547 0.218547
10.560000 0.485800 -0.893189 -0.300544 -0.315626 -0.315626 -0.315626 -0.315626 0.289775 0.289775 0.289775 0.289775
10.580000 0.602776 -0.758837 -0.065474 -0.047035 -0.047035 -0.047035 -0.047035 0.303394 0.303394 0.303394 0.303394
10.600000 0.668465 -0.603447 0.150479 0.227611 0.227611 0.227611 0.227611 0.257408 0.257408 0.257408 0.257408
10.620000 0.681547 -0.432281 0.327475 0.486421 0.486421 0.486421 0.486421 0.156638 0.156638 0.156638 0.156638
10.640000 0.644482 -0.250338 0.450272 0.708345 0.708345 0.708345 0.708345 0.012516 0.012516 0.012516 0.012516
10.660000 0.562940 -0.062619 0.509651 0.875272 0.875272 0.875272 0.875272 -0.157970 -0.157970 -0.157970 -0.157970
10.680000 0.445026 0.125533 0.503222 0.973875 0.973875 0.973875 0.973875 -0.334074 -0.334074 -0.334074 -0.334074
10.700000 0.300416 0.308131 0.435521 0.997015 0.997015 0.997015 0.997015 -0.493626 -0.493626 -0.493626 -0.493626
10.720000 0.139490 0.478365 0.317418 0.944520 0.944520 0.944520 0.944520 -0.615618 -0.615618 -0.615618 -0.615618
10.740000 -0.027443 0.628628 0.164886 0.823244 0.823244 0.823244 0.823244 -0.682713 -0.682713 -0.682713 -0.682713
10.760000 -0.190784 0.750782 -0.002721 0.646384 0.646384 0.646384 0.646384 -0.683370 -0.683370 -0.683370 -0.683370
10.780000 -0.342095 0.836674 -0.164715 0.432111 0.432111 0.432111 0.432111 -0.613309 -0.613309 -0.613309 -0.613309
10.800000 -0.474364 0.878854 -0.301219 0.201669 0.201669 0.201669 0.201669 -0.476106 -0.476106 -0.476106 -0.476106
10.820000 -0.582103 0.871429 -0.395206 -0.022859 -0.022859 -0.022859 -0.022859 -0.282854 -0.282854 -0.282854 -0.282854
10.840000 -0.661302 0.810929 -0.434223 -0.220859 -0.220859 -0.220859 -0.220859 -0.050905 -0.050905 -0.050905 -0.050905
10.860000 -0.709306 0.697079 -0.411626 -0.375329 -0.375329 -0.375329 -0.375329 0.198142 0.198142 0.198142 0.198142
10.880000 -0.724656 0.533345 -0.327218 -0.474599 -0.474599 -0.474599 -0.474599 0.440982 0.440982 0.440982 0.440982
10.900000 -0.706939 0.327168 -0.187228 -0.513445 -0.513445 -0.513445 -0.513445 0.655329 0.655329 0.655329 0.655329
10.920000 -0.656691 0.089792 -0.003651 -0.493474 -0.493474 -0.493474 -0.493474 0.822519 0.822519 0.822519 0.822519
10.940000 -0.575362 -0.164302 0.206984 -0.422751 -0.422751 -0.422751 -0.422751 0.929644 0.929644 0.929644 0.929644
10.960000 -0.465344 -0.418373 0.425276 -0.314711 -0.314711 -0.314711 -0.314711 0.970968 0.970968 0.970968 0.970968
10.980000 -0.330049 -0.654690 0.630880 -0.186502 -0.186502 -0.186502 -0.186502 0.948450 0.948450 0.948450 0.948450
11.000000 -0.173984 -0.856013 0.804488 -0.056946 -0.056946 -0.056946 -0.056946 0.871318 0.871318 0.871318 0.871318
11.020000 -0.002813 -1.007113 0.929691 0.055619 0.055619 0.055619 0.055619 0.754757 0.754757 0.754757 0.754757
11.040000 0.176672 -1.096189 0.994513 0.135388 0.135388 0.135388 0.135388 0.617897 0.617897 0.617897 0.617897
11.060000 0.356678 -1.116008 0.992501 0.170781 0.170781 0.170781 0.170781 0.481344 0.481344 0.481344 0.481344
11.080000 0.528673 -1.064658 0.923249 0.155595 0.155595 0.155595 0.155595 0.364602 0.364602 0.364602 0.364602
11.100000 0.683788 -0.945801 0.792342 0.089510 0.089510 0.089510 0.089510 0.283682 0.283682 0.283682 0.283682
11.120000 0.813326 -0.768402 0.610728 -0.022100 -0.022100 -0.022100 -0.022100 0.249221 0.249221 0.249221 0.249221
11.140000 0.909363 -0.545947 0.393607 -0.168982 -0.168982 -0.168982 -0.168982 0.265321 0.265321 0.265321 0.265321
11.160000 0.965367 -0.295216 0.158952 -0.337346 -0.337346 -0.337346 -0.337346 0.329253 0.329253 0.329253 0.329253
11.180000 0.976785 -0.034747 -0.074172 -0.511517 -0.511517 -0.511517 -0.511517 0.432037 0.432037 0.432037 0.432037
11.200000 0.941523 0.216863 -0.287325 -0.675717 -0.675717 -0.675717 -0.675717 0.559793 0.559793 0.559793 0.559793
11.220000 0.860252 0.442639 -0.464283 -0.815728 -0.815728 -0.815728 -0.815728 0.695696 0.695696 0.695696 0.695696
11.240000 0.736513 0.628720 -0.592341 -0.920264 -0.920264 -0.920264 -0.920264 0.822231 0.822231 0.822231 0.822231
11.260000 0.576564 0.765501 -0.663229 -0.981886 -0.981886 -0.981886 -0.981886 0.923486 0.923486 0.923486 0.923486
11.280000 0.388993 0.848324 -0.673575 -0.997391 -0.997391 -0.997391 -0.997391 0.987151 0.987151 0.987151 0.987151
11.300000 0.184110 0.877653 -0.624881 -0.967660 -0.967660 -0.967660 -0.967660 1.006004 1.006004 1.006004 1.006004
11.320000 -0.026833 0.858710 -0.523065 -0.897045 -0.897045 -0.897045 -0.897045 0.978685 0.978685 0.978685 0.978685
11.340000 -0.232515 0.800657 -0.377628 -0.792394 -0.792394 -0.792394 -0.792394 0.909683 0.909683 0.909683 0.909683
11.360000 -0.422435 0.715390 -0.200566 -0.661903 -0.661903 -0.661903 -0.661903 0.808575 0.808575 0.808575 0.808575
11.380000 -0.587729 0.616125 -0.005145 -0.513969 -0.513969 -0.513969 -0.513969 0.688634 0.688634 0.688634 0.688634
11.400000 -0.721826 0.515900 0.195317 -0.356208 -0.356208 -0.356208 -0.356208 0.565004 0.565004 0.565004 0.565004
11.420000 -0.820885 0.426196 0.388546 -0.194780 -0.194780 -0.194780 -0.194780 0.452719 0.452719 0.452719 0.452719
11.440000 -0.883966 0.355799 0.564173 -0.034097 -0.034097 -0.034097 -0.034097 0.364818 0.364818 0.364818 0.364818
11.460000 -0.912916 0.310031 0.714312 0.123067 0.123067 0.123067 0.123067 0.310801 0.310801 0.310801 0.310801
11.480000 -0.911993 0.290422 0.833802 0.275120 0.275120 0.275120 0.275120 0.295637 0.295637 0.295637 0.295637
11.500000 -0.887262 0.294832 0.920138 0.420958 0.420958 0.420958 0.420958 0.319412 0.319412 0.319412 0.319412
11.520000 -0.845839 0.317997 0.973134 0.559172 0.559172 0.559172 0.559172 0.377646 0.377646 0.377646 0.377646
11.540000 -0.795065 0.352412 0.994386 0.687335 0.687335 0.687335 0.687335 0.462205 0.462205 0.462205 0.462205
11.560000 -0.741692 0.389433 0.986638 0.801523 0.801523 0.801523 0.801523 0.562650 0.562650 0.562650 0.562650
11.580000 -0.691184 0.420449 0.953135 0.896174 0.896174 0.896174 0.896174 0.667803 0.667803 0.667803 0.667803
11.600000 -0.647192 0.438005 0.897071 0.964380 0.964380 0.964380 0.964380 0.767317 0.767317 0.767317 0.767317
11.620000 -0.611268 0.436711 0.821187 0.998574 0.998574 0.998574 0.998574 0.853000 0.853000 0.853000 0.853000
11.640000 -0.582835 0.413862 0.727580 0.991576 0.991576 0.991576 0.991576 0.919723 0.919723 0.919723 0.919723
11.660000 -0.559411 0.369705 0.617728 0.937828 0.937828 0.937828 0.937828 0.965790 0.965790 0.965790 0.965790
11.680000 -0.537051 0.307313 0.492720 0.834662 0.834662 0.834662 0.834662 0.992737 0.992737 0.992737 0.992737
11.700000 -0.510961 0.232136 0.353635 0.683378 0.683378 0.683378 0.683378 1.004611 1.004611 1.004611 1.004611
11.720000 -0.476188 0.151259 0.202010 0.489956 0.489956 0.489956 0.489956 1.006860 1.006860 1.006860 1.006860
11.740000 -0.428325 0.072505 0.040304 0.265222 0.265222 0.265222 0.265222 1.005015 1.005015 1.005015 1.005015
11.760000 -0.364130 0.003478 -0.127723 0.024404 0.024404 0.024404 0.024404 1.003392 1.003392 1.003392 1.003392
11.780000 -0.282002 -0.049321 -0.296794 -0.213957 -0.213957 -0.213957 -0.213957 1.004016 1.004016 1.004016 1.004016
11.800000 -0.182249 -0.081205 -0.460110 -0.429659 -0.429659 -0.429659 -0.429659 1.005957 1.005957 1.005957 1.005957
11.820000 -0.067140 -0.089749 -0.609600 -0.602881 -0.602881 -0.602881 -0.602881 1.005186 1.005186 1.005186 1.005186
11.840000 0.059279 -0.074938 -0.736408 -0.716405 -0.716405 -0.716405 -0.716405 0.995002 0.995002 0.995002 0.995002
11.860000 0.191566 -0.039013 -0.831591 -0.757737 -0.757737 -0.757737 -0.757737 0.966976 0.966976 0.966976 0.966976
11.880000 0.323407 0.013965 -0.886947 -0.720855 -0.720855 -0.720855 -0.720855 0.912295 0.912295 0.912295 0.912295
11.900000 0.448229 0.078745 -0.895911 -0.607342 -0.607342 -0.607342 -0.607342 0.823304 0.823304 0.823304 0.823304
11.920000 0.559821 0.149630 -0.854389 -0.426707 -0.426707 -0.426707 -0.426707 0.695040 0.695040 0.695040 0.695040
11.940000 0.652883 0.221231 -0.761444 -0.195822 -0.195822 -0.195822 -0.195822 0.526504 0.526504 0.526504 0.526504
11.960000 0.723460 0.289116 -0.619751 0.062535 0.062535 0.062535 0.062535 0.321494 0.321494 0.321494 0.321494
11.980000 0.769199 0.350295 -0.435731 0.321882 0.321882 0.321882 0.321882 0.088828 0.088828 0.088828 0.088828
12.000000 0.789415 0.403455 -0.219349 0.554778 0.554778 0.554778 0.554778 -0.158094 -0.158094 -0.158094 -0.158094
12.020000 0.784976 0.448940 0.016446 0.735787 0.735787 0.735787 0.735787 -0.402377 -0.402377 -0.402377 -0.402377
12.040000 0.758022 0.488477 0.256582 0.844337 0.844337 0.844337 0.844337 -0.625250 -0.625250 -0.625250 -0.625250
12.060000 0.711573 0.524698 0.484981 0.867120 0.867120 0.867120 0.867120 -0.808040 -0.808040 -0.808040 -0.808040
12.080000 0.649082 0.560539 0.685808 0.799730 0.799730 0.799730 0.799730 -0.934255 -0.934255 -0.934255 -0.934255
12.100000 0.574005 0.598585 0.844760 0.647338 0.647338 0.647338 0.647338 -0.991521 -0.991521 -0.991521 -0.991521
12.120000 0.489437 0.640483 0.950254 0.424270 0.424270 0.424270 0.424270 -0.973133 -0.973133 -0.973133 -0.973133
12.140000 0.397871 0.686486 0.994410 0.152528 0.152528 0.152528 0.152528 -0.878997 -0.878997 -0.878997 -0.878997
12.160000 0.301100 0.735213 0.973731 -0.140602 -0.140602 -0.140602 -0.140602 -0.715867 -0.715867 -0.715867 -0.715867
12.180000 0.200290 0.783656 0.889408 -0.425593 -0.425593 -0.425593 -0.425593 -0.496794 -0.496794 -0.496794 -0.496794
12.200000 0.096174 0.827437 0.747222 -0.674022 -0.674022 -0.674022 -0.674022 -0.239880 -0.239880 -0.239880 -0.239880
12.220000 -0.010636 0.861289 0.557052 -0.861824 -0.861824 -0.861824 -0.861824 0.033547 0.033547 0.033547 0.033547
12.240000 -0.119293 0.879706 0.332036 -0.972060 -0.972060 -0.972060 -0.972060 0.301116 0.301116 0.301116 0.301116
12.260000 -0.228378 0.877674 0.087458 -0.996872 -0.996872 -0.996872 -0.996872 0.541696 0.541696 0.541696 0.541696
12.280000 -0.335629 0.851383 -0.160518 -0.938368 -0.938368 -0.938368 -0.938368 0.737514 0.737514 0.737514 0.737514
12.300000 -0.437808 0.798844 -0.396161 -0.808329 -0.808329 -0.808329 -0.808329 0.875863 0.875863 0.875863 0.875863
12.320000 -0.530728 0.720316 -0.605406 -0.626753 -0.626753 -0.626753 -0.626753 0.950204 0.950204 0.950204 0.950204
12.340000 -0.609471 0.618481 -0.776885 -0.419405 -0.419405 -0.419405 -0.419405 0.960555 0.960555 0.960555 0.960555
12.360000 -0.668762 0.498356 -0.902686 -0.214663 -0.214663 -0.214663 -0.214663 0.913121 0.913121 0.913121 0.913121
12.380000 -0.703495 0.366930 -0.978759 -0.040027 -0.040027 -0.040027 -0.040027 0.819256 0.819256 0.819256 0.819256
12.400000 -0.709322 0.232577 -1.004966 0.081261 0.081261 0.081261 0.081261 0.693876 0.693876 0.693876 0.693876
12.420000 -0.683256 0.104302 -0.984762 0.133107 0.133107 0.133107 0.133107 0.553544 0.553544 0.553544 0.553544
12.440000 -0.624196 -0.009085 -0.924588 0.108571 0.108571 0.108571 0.108571 0.414470 0.414470 0.414470 0.414470
12.460000 -0.533307 -0.099783 -0.833019 0.010759 0.010759 0.010759 0.010759 0.290660 0.290660 0.290660 0.290660
12.480000 -0.414186 -0.161699 -0.719791 -0.147525 -0.147525 -0.147525 -0.147525 0.192435 0.192435 0.192435 0.192435
12.500000 -0.272782 -0.190970 -0.594791 -0.345342 -0.345342 -0.345342 -0.345342 0.125481 0.125481 0.125481 0.125481
12.520000 -0.117053 -0.186238 -0.467135 -0.556199 -0.556199 -0.556199 -0.556199 0.090526 0.090526 0.090526 0.090526
12.540000 0.043619 -0.148676 -0.344394 -0.751350 -0.751350 -0.751350 -0.751350 0.083637 0.083637 0.083637 0.083637
12.560000 0.199205 -0.081758 -0.232068 -0.903408 -0.903408 -0.903408 -0.903408 0.097086 0.097086 0.097086 0.097086
12.580000 0.339922 0.009182 -0.133319 -0.989831 -0.989831 -0.989831 -0.989831 0.120630 0.120630 0.120630 0.120630
12.600000 0.457153 0.117536 -0.048989 -0.995839 -0.995839 -0.995839 -0.995839 0.143035 0.143035 0.143035 0.143035
12.620000 0.544292 0.236081 0.022138 -0.916408 -0.916408 -0.916408 -0.916408 0.153622 0.153622 0.153622 0.153622
12.640000 0.597415 0.357627 0.082856 -0.757071 -0.757071 -0.757071 -0.757071 0.143654 0.143654 0.143654 0.143654
12.660000 0.615711 0.475575 0.136938 -0.533431 -0.533431 -0.533431 -0.533431 0.107383 0.107383 0.107383 0.107383
12.680000 0.601590 0.584328 0.188474 -0.269409 -0.269409 -0.269409 -0.269409 0.042648 0.042648 0.042648 0.042648
12.700000 0.560480 0.679530 0.241241 0.005545 0.005545 0.005545 0.005545 -0.049034 -0.049034 -0.049034 -0.049034
12.720000 0.500299 0.758103 0.298176 0.259969 0.259969 0.259969 0.259969 -0.162853 -0.162853 -0.162853 -0.162853
12.740000 0.430665 0.818122 0.361009 0.464199 0.464199 0.464199 0.464199 -0.291499 -0.291499 -0.291499 -0.291499
12.760000 0.361917 0.858565 0.430082 0.594016 0.594016 0.594016 0.594016 -0.426233 -0.426233 -0.426233 -0.426233
12.780000 0.304057 0.878991 0.504376 0.633674 0.633674 0.633674 0.633674 -0.558064 -0.558064 -0.558064 -0.558064
12.800000 0.265713 0.879219 0.581721 0.577948 0.577948 0.577948 0.577948 -0.678881 -0.678881 -0.678881 -0.678881
12.820000 0.253256 0.859077 0.659152 0.432925 0.432925 0.432925 0.432925 -0.782384 -0.782384 -0.782384 -0.782384
12.840000 0.270140 0.818256 0.733346 0.215452 0.215452 0.215452 0.215452 -0.864696 -0.864696 -0.864696 -0.864696
12.860000 0.316565 0.756309 0.801098 -0.048727 -0.048727 -0.048727 -0.048727 -0.924597 -0.924597 -0.924597 -0.924597
12.880000 0.389486 0.672802 0.859743 -0.327914 -0.327914 -0.327914 -0.327914 -0.963362 -0.963362 -0.963362 -0.963362
12.900000 0.482971 0.567581 0.907486 -0.588147 -0.588147 -0.588147 -0.588147 -0.984256 -0.984256 -0.984256 -0.984256
12.920000 0.588867 0.441119 0.943587 -0.797200 -0.797200 -0.797200 -0.797200 -0.991775 -0.991775 -0.991775 -0.991775
12.940000 0.697710 0.294877 0.968384 -0.928403 -0.928403 -0.928403 -0.928403 -0.990745 -0.990745 -0.990745 -0.990745
12.960000 0.799761 0.131607 0.983150 -0.963849 -0.963849 -0.963849 -0.963849 -0.985432 -0.985432 -0.985432 -0.985432
12.980000 0.886071 -0.044475 0.989808 -0.896585 -0.896585 -0.896585 -0.896585 -0.978781 -0.978781 -0.978781 -0.978781
13.000000 0.949442 -0.227691 0.990547 -0.731529 -0.731529 -0.731529 -0.731529 -0.971885 -0.971885 -0.971885 -0.971885
13.020000 0.985190 -0.411119 0.987392 -0.485005 -0.485005 -0.485005 -0.485005 -0.963778 -0.963778 -0.963778 -0.963778
13.040000 0.991610 -0.587019 0.981787 -0.182936 -0.182936 -0.182936 -0.182936 -0.951538 -0.951538 -0.951538 -0.951538
13.060000 0.970114 -0.747442 0.974263 0.142080 0.142080 0.142080 0.142080 -0.930721 -0.930721 -0.930721 -0.930721
13.080000 0.925014 -0.884967 0.964229 0.454487 0.454487 0.454487 0.454487 -0.896020 -0.896020 -0.896020 -0.896020
13.100000 0.862982 -0.993464 0.949929 0.719825 0.719825 0.719825 0.719825 -0.842086 -0.842086 -0.842086 -0.842086
13.120000 0.792255 -1.068811 0.928577 0.908674 0.908674 0.908674 0.908674 -0.764383 -0.764383 -0.764383 -0.764383
13.140000 0.721682 -1.109449 0.896659 1.000000 1.000000 1.000000 1.000000 -0.659960 -0.659960 -0.659960 -0.659960
13.160000 0.659715 -1.116691 0.850389 0.983548 0.983548 0.983548 0.983548 -0.528052 -0.528052 -0.528052 -0.528052
13.180000 0.613462 -1.094741 0.786233 0.860983 0.860983 0.860983 0.860983 -0.370425 -0.370425 -0.370425 -0.370425
13.200000 0.587925 -1.050371 0.701481 0.645680 0.645680 0.645680 0.645680 -0.191430 -0.191430 -0.191430 -0.191430
13.220000 0.585485 -0.992294 0.594766 0.361173 0.361173 0.361173 0.361173 0.002236 0.002236 0.002236 0.002236
13.240000 0.605705 -0.930265 0.466480 0.038484 0.038484 0.038484 0.038484 0.202028 0.202028 0.202028 0.202028
13.260000 0.645462 -0.874024 0.319024 -0.287384 -0.287384 -0.287384 -0.287384 0.398240 0.398240 0.398240 0.398240
13.280000 0.699394 -0.832180 0.156853 -0.581351 -0.581351 -0.581351 -0.581351 0.580808 0.580808 0.580808 0.580808
13.300000 0.760581 -0.811168 -0.013692 -0.812123 -0.812123 -0.812123 -0.812123 0.740126 0.740126 0.740126 0.740126
13.320000 0.821403 -0.814416 -0.184774 -0.955576 -0.955576 -0.955576 -0.955576 0.867794 0.867794 0.867794 0.867794
13.340000 0.874443 -0.841828 -0.347625 -0.997282 -0.997282 -0.997282 -0.997282 0.957232 0.957232 0.957232 0.957232
13.360000 0.913341 -0.889653 -0.493236 -0.933907 -0.933907 -0.933907 -0.933907 1.004094 1.004094 1.004094 1.004094
13.380000 0.933482 -0.950778 -0.613114 -0.773345 -0.773345 -0.773345 -0.773345 1.006481 1.006481 1.006481 1.006481
13.400000 0.932451 -1.015431 -0.700013 -0.533606 -0.533606 -0.533606 -0.533606 0.964939 0.964939 0.964939 0.964939
13.420000 0.910190 -1.072216 -0.748580 -0.240610 -0.240610 -0.240610 -0.240610 0.882280 0.882280 0.882280 0.882280
13.440000 0.868860 -1.109386 -0.755834 0.074835 0.074835 0.074835 0.074835 0.763260 0.763260 0.763260 0.763260
13.460000 0.812410 -1.116194 -0.721438 0.380515 0.380515 0.380515 0.380515 0.614175 0.614175 0.614175 0.614175
13.480000 0.745941 -1.084185 -0.647735 0.646331 0.646331 0.646331 0.646331 0.442409 0.442409 0.442409 0.442409
13.500000 0.674925 -1.008255 -0.539535 0.847482 0.847482 0.847482 0.847482 0.255996 0.255996 0.255996 0.255996
13.520000 0.604411 -0.887362 -0.403684 0.966953 0.966953 0.966953 0.966953 0.063213 0.063213 0.063213 0.063213
13.540000 0.538303 -0.724787 -0.248464 0.997058 0.997058 0.997058 0.997058 -0.127776 -0.127776 -0.127776 -0.127776
13.560000 0.478824 -0.527910 -0.082868 0.939901 0.939901 0.939901 0.939901 -0.309217 -0.309217 -0.309217 -0.309217
13.580000 0.426235 -0.307514 0.084152 0.806745 0.806745 0.806745 0.806745 -0.474019 -0.474019 -0.474019 -0.474019
13.600000 0.378844 -0.076681 0.244409 0.616407 0.616407 0.616407 0.616407 -0.615968 -0.615968 -0.615968 -0.615968
13.620000 0.333326 0.150571 0.391090 0.392905 0.392905 0.392905 0.392905 -0.729925 -0.729925 -0.729925 -0.729925
13.640000 0.285291 0.360785 0.519207 0.162640 0.162640 0.162640 0.162640 -0.812010 -0.812010 -0.812010 -0.812010
13.660000 0.230047 0.542489 0.625840 -0.048531 -0.048531 -0.048531 -0.048531 -0.859776 -0.859776 -0.859776 -0.859776
13.680000 0.163454 0.687396 0.710163 -0.218026 -0.218026 -0.218026 -0.218026 -0.872368 -0.872368 -0.872368 -0.872368
13.700000 0.082740 0.791228 0.773270 -0.328751 -0.328751 -0.328751 -0.328751 -0.850634 -0.850634 -0.850634 -0.850634
13.720000 -0.012821 0.854043 0.817808 -0.370611 -0.370611 -0.370611 -0.370611 -0.797192 -0.797192 -0.797192 -0.797192
13.740000 -0.121481 0.880053 0.847500 -0.341171 -0.341171 -0.341171 -0.341171 -0.716393 -0.716393 -0.716393 -0.716393
13.760000 -0.238907 0.876918 0.866595 -0.245461 -0.245461 -0.245461 -0.245461 -0.614182 -0.614182 -0.614182 -0.614182
13.780000 -0.358433 0.854620 0.879312 -0.094999 -0.094999 -0.094999 -0.094999 -0.497841 -0.497841 -0.497841 -0.497841
13.800000 -0.471649 0.824039 0.889357 0.093793 0.093793 0.093793 0.093793 -0.375601 -0.375601 -0.375601 -0.375601
13.820000 -0.569292 0.795426 0.899553 0.301579 0.301579 0.301579 0.301579 -0.256157 -0.256157 -0.256157 -0.256157
13.840000 -0.642323 0.776939 0.911607 0.508234 0.508234 0.508234 0.508234 -0.148096 -0.148096 -0.148096 -0.148096
13.860000 -0.683088 0.773468 0.926061 0.694864 0.694864 0.694864 0.694864 -0.059308 -0.059308 -0.059308 -0.059308
13.880000 -0.686399 0.785871 0.942387 0.845516 0.845516 0.845516 0.845516 0.003596 0.003596 0.003596 0.003596
13.900000 -0.650416 0.810761 0.959222 0.948406 0.948406 0.948406 0.948406 0.035780 0.035780 0.035780 0.035780
13.920000 -0.577184 0.840867 0.974699 0.996588 0.996588 0.996588 0.996588 0.034563 0.034563 0.034563 0.034563
13.940000 -0.472764 0.865961 0.986813 0.988057 0.988057 0.988057 0.988057 -0.000368 -0.000368 -0.000368 -0.000368
13.960000 -0.346889 0.874234 0.993782 0.925328 0.925328 0.925328 0.925328 -0.066925 -0.066925 -0.066925 -0.066925
13.980000 -0.212169 0.853968 0.994338 0.814624 0.814624 0.814624 0.814624 -0.160776 -0.160776 -0.160776 -0.160776
14.000000 -0.082909 0.795310 0.987923 0.664814 0.664814 0.664814 0.664814 -0.275669 -0.275669 -0.275669 -0.275669
14.020000 0.026352 0.691904 0.974756 0.486267 0.486267 0.486267 0.486267 -0.403897 -0.403897 -0.403897 -0.403897
14.040000 0.102425 0.542183 0.955764 0.289771 0.289771 0.289771 0.289771 -0.536855 -0.536855 -0.536855 -0.536855
14.060000 0.135001 0.350130 0.932400 0.085646 0.085646 0.085646 0.085646 -0.665640 -0.665640 -0.665640 -0.665640
14.080000 0.117964 0.125389 0.906372 -0.116876 -0.116876 -0.116876 -0.116876 -0.781644 -0.781644 -0.781644 -0.781644
14.100000 0.050306 -0.117335 0.879320 -0.309974 -0.309974 -0.309974 -0.309974 -0.877091 -0.877091 -0.877091 -0.877091
14.120000 -0.063462 -0.359532 0.852509 -0.487282 -0.487282 -0.487282 -0.487282 -0.945499 -0.945499 -0.945499 -0.945499
14.140000 -0.213477 -0.580707 0.826569 -0.643728 -0.643728 -0.643728 -0.643728 -0.982019 -0.982019 -0.982019 -0.982019
14.160000 -0.385284 -0.760556 0.801337 -0.775239 -0.775239 -0.775239 -0.775239 -0.983682 -0.983682 -0.983682 -0.983682
14.180000 -0.561136 -0.881263 0.775828 -0.878428 -0.878428 -0.878428 -0.878428 -0.949515 -0.949515 -0.949515 -0.949515
14.200000 -0.721700 -0.929664 0.748344 -0.950347 -0.950347 -0.950347 -0.950347 -0.880568 -0.880568 -0.880568 -0.880568
14.220000 -0.848018 -0.898999 0.716719 -0.988377 -0.988377 -0.988377 -0.988377 -0.779856 -0.779856 -0.779856 -0.779856
14.240000 -0.923522 -0.790045 0.678669 -0.990291 -0.990291 -0.990291 -0.990291 -0.652221 -0.652221 -0.652221 -0.652221
14.260000 -0.935868 -0.611465 0.632199 -0.954490 -0.954490 -0.954490 -0.954490 -0.504124 -0.504124 -0.504124 -0.504124
14.280000 -0.878414 -0.379293 0.576022 -0.880362 -0.880362 -0.880362 -0.880362 -0.343380 -0.343380 -0.343380 -0.343380
14.300000 -0.751149 -0.115588 0.509916 -0.768714 -0.768714 -0.768714 -0.768714 -0.178810 -0.178810 -0.178810 -0.178810
14.320000 -0.560972 0.153637 0.434975 -0.622164 -0.622164 -0.622164 -0.622164 -0.019823 -0.019823 -0.019823 -0.019823
14.340000 -0.321259 0.400995 0.353701 -0.445420 -0.445420 -0.445420 -0.445420 0.124085 0.124085 0.124085 0.124085
14.360000 -0.050747 0.600565 0.269910 -0.245360 -0.245360 -0.245360 -0.245360 0.243906 0.243906 0.243906 0.243906
14.380000 0.228163 0.730654 0.188450 -0.030866 -0.030866 -0.030866 -0.030866 0.331759 0.331759 0.331759 0.331759
14.400000 0.491533 0.776211 0.114747 0.187612 0.187612 0.187612 0.187612 0.381546 0.381546 0.381546 0.381546
14.420000 0.716221 0.730587 0.054226 0.398739 0.398739 0.398739 0.398739 0.389586 0.389586 0.389586 0.389586
14.440000 0.882193 0.596447 0.011661 0.591151 0.591151 0.591151 0.591151 0.355155 0.355155 0.355155 0.355155
14.460000 0.974568 0.385709 -0.009460 0.754410 0.754410 0.754410 0.754410 0.280858 0.280858 0.280858 0.280858
14.480000 0.985183 0.118486 -0.007478 0.879938 0.879938 0.879938 0.879938 0.172768 0.172768 0.172768 0.172768
14.500000 0.913502 -0.178862 0.017049 0.961809 0.961809 0.961809 0.961809 0.040259 0.040259 0.040259 0.040259
14.520000 0.766778 -0.476386 0.061191 0.997317 0.997317 0.997317 0.997317 -0.104491 -0.104491 -0.104491 -0.104491
14.540000 0.559425 -0.743633 0.119746 0.987224 0.987224 0.987224 0.987224 -0.247337 -0.247337 -0.247337 -0.247337
14.560000 0.311668 -0.952837 0.185607 0.935667 0.935667 0.935667 0.935667 -0.373304 -0.373304 -0.373304 -0.373304
14.580000 0.047599 -1.081863 0.250381 0.849719 0.849719 0.849719 0.849719 -0.467939 -0.467939 -0.467939 -0.467939
14.600000 -0.207167 -1.116599 0.305194 0.738654 0.738654 0.738654 0.738654 -0.518766 -0.518766 -0.518766 -0.518766
14.620000 -0.428006 -1.052519 0.341605 0.613018 0.613018 0.613018 0.613018 -0.516689 -0.516689 -0.516689 -0.516689
14.640000 -0.593693 -0.895243 0.352550 0.483585 0.483585 0.483585 0.483585 -0.457182 -0.457182 -0.457182 -0.457182
14.660000 -0.688482 -0.660030 0.333175 0.360357 0.360357 0.360357 0.360357 -0.341114 -0.341114 -0.341114 -0.341114
14.680000 -0.703625 -0.370243 0.281499 0.251691 0.251691 0.251691 0.251691 -0.175071 -0.175071 -0.175071 -0.175071
14.700000 -0.638182 -0.054953 0.198793 0.163684 0.163684 0.163684 0.163684 0.028907 0.028907 0.028907 0.028907
14.720000 -0.499051 0.254073 0.089621 0.099839 0.099839 0.099839 0.099839 0.254189 0.254189 0.254189 0.254189
14.740000 -0.300195 0.525668 -0.038460 0.061075 0.061075 0.061075 0.061075 0.480983 0.480983 0.480983 0.480983
14.760000 -0.061177 0.732504 -0.175560 0.046029 0.046029 0.046029 0.046029 0.688202 0.688202 0.688202 0.688202
14.780000 0.194867 0.853918 -0.310386 0.051608 0.051608 0.051608 0.051608 0.855592 0.855592 0.855592 0.855592
14.800000 0.443575 0.878023 -0.431386 0.073690 0.073690 0.073690 0.073690 0.965894 0.965894 0.965894 0.965894
14.820000 0.661813 0.802882 -0.527964 0.107872 0.107872 0.107872 0.107872 1.006789 1.006789 1.006789 1.006789
14.840000 0.829951 0.636625 -0.591657 0.150161 0.150161 0.150161 0.150161 0.972401 0.972401 0.972401 0.972401
14.860000 0.933741 0.396489 -0.617133 0.197492 0.197492 0.197492 0.197492 0.864135 0.864135 0.864135 0.864135
14.880000 0.965615 0.106914 -0.602890 0.248029 0.248029 0.248029 0.248029 0.690750 0.690750 0.690750 0.690750
14.900000 0.925251 -0.203123 -0.551576 0.301199 0.301199 0.301199 0.301199 0.467592 0.467592 0.467592 0.467592
14.920000 0.819392 -0.503211 -0.469873 0.357473 0.357473 0.357473 0.357473 0.215054 0.215054 0.215054 0.215054
14.940000 0.660920 -0.764732 -0.367931 0.417934 0.417934 0.417934 0.417934 -0.043584 -0.043584 -0.043584 -0.043584
14.960000 0.467312 -0.963843 -0.258408 0.483715 0.483715 0.483715 0.483715 -0.284716 -0.284716 -0.284716 -0.284716
14.980000 0.258657 -1.083915 -0.155194 0.555397 0.555397 0.555397 0.555397 -0.487060 -0.487060 -0.487060 -0.487060
15.000000 0.055436 -1.117139 -0.071942 0.632477 0.632477 0.632477 0.632477 -0.634108 -0.634108 -0.634108 -0.634108
15.020000 -0.123673 -1.065177 -0.020565 0.712984 0.712984 0.712984 0.712984 -0.716041 -0.716041 -0.716041 -0.716041
15.040000 -0.263745 -0.938764 -0.009850 0.793332 0.793332 0.793332 0.793332 -0.730887 -0.730887 -0.730887 -0.730887
15.060000 -0.355096 -0.756344 -0.044350 0.868429 0.868429 0.868429 0.868429 -0.684740 -0.684740 -0.684740 -0.684740
15.080000 -0.394163 -0.541887 -0.123680 0.932046 0.932046 0.932046 0.932046 -0.590993 -0.590993 -0.590993 -0.590993
15.100000 -0.383685 -0.322149 -0.242310 0.977407 0.977407 0.977407 0.977407 -0.468649 -0.468649 -0.468649 -0.468649
15.120000 -0.332184 -0.123678 -0.389900 0.997925 0.997925 0.997925 0.997925 -0.339904 -0.339904 -0.339904 -0.339904
15.140000 -0.252807 0.030107 -0.552158 0.987982 0.987982 0.987982 0.987982 -0.227272 -0.227272 -0.227272 -0.227272
15.160000 -0.161670 0.121444 -0.712156 0.943660 0.943660 0.943660 0.943660 -0.150622 -0.150622 -0.150622 -0.150622
15.180000 -0.075894 0.140089 -0.851980 0.863305 0.863305 0.863305 0.863305 -0.124478 -0.124478 -0.124478 -0.124478
15.200000 -0.011548 0.084332 -0.954555 0.747859 0.747859 0.747859 0.747859 -0.155961 -0.155961 -0.155961 -0.155961
15.220000 0.018258 -0.038938 -1.005467 0.600912 0.600912 0.600912 0.600912 -0.243627 -0.243627 -0.243627 -0.243627
15.240000 0.004946 -0.215106 -0.994574 0.428445 0.428445 0.428445 0.428445 -0.377402 -0.377402 -0.377402 -0.377402
15.260000 -0.054494 -0.423524 -0.917261 0.238318 0.238318 0.238318 0.238318 -0.539638 -0.539638 -0.539638 -0.539638
15.280000 -0.157082 -0.639829 -0.775166 0.039549 0.039549 0.039549 0.039549 -0.707208 -0.707208 -0.707208 -0.707208
15.300000 -0.294114 -0.838620 -0.576308 -0.158510 -0.158510 -0.158510 -0.158510 -0.854385 -0.854385 -0.854385 -0.854385
15.320000 -0.452058 -0.996199 -0.334570 -0.347011 -0.347011 -0.347011 -0.347011 -0.956173 -0.956173 -0.956173 -0.956173
15.340000 -0.613994 -1.093083 -0.068583 -0.518342 -0.518342 -0.518342 -0.518342 -0.991679 -0.991679 -0.991679 -0.991679
15.360000 -0.761442 -1.116009 0.199914 -0.666664 -0.666664 -0.666664 -0.666664 -0.947085 -0.947085 -0.947085 -0.947085
15.380000 -0.876359 -1.059259 0.448067 -0.788210 -0.788210 -0.788210 -0.788210 -0.817834 -0.817834 -0.817834 -0.817834
15.400000 -0.943124 -0.925154 0.654071 -0.881295 -0.881295 -0.881295 -0.881295 -0.609724 -0.609724 -0.609724 -0.609724
15.420000 -0.950263 -0.723707 0.799297 -0.946069 -0.946069 -0.946069 -0.946069 -0.338720 -0.338720 -0.338720 -0.338720
15.440000 -0.891764 -0.471488 0.870163 -0.984065 -0.984065 -0.984065 -0.984065 -0.029485 -0.029485 -0.029485 -0.029485
15.460000 -0.767824 -0.189863 0.859555 -0.997606 -0.997606 -0.997606 -0.997606 0.287250 0.287250 0.287250 0.287250
15.480000 -0.584962 0.097208 0.767653 -0.989197 -0.989197 -0.989197 -0.989197 0.578172 0.578172 0.578172 0.578172
15.500000 -0.355492 0.365549 0.602069 -0.960973 -0.960973 -0.960973 -0.960973 0.811322 0.811322 0.811322 0.811322
15.520000 -0.096409 0.593074 0.377263 -0.914325 -0.914325 -0.914325 -0.914325 0.960010 0.960010 0.960010 0.960010
15.540000 0.172183 0.761788 0.113295 -0.849733 -0.849733 -0.849733 -0.849733 1.006212 1.006212 1.006212 1.006212
15.560000 0.428954 0.859281 -0.165987 -0.766868 -0.766868 -0.766868 -0.766868 0.943024 0.943024 0.943024 0.943024
15.580000 0.653325 0.879606 -0.435135 -0.664920 -0.664920 -0.664920 -0.664920 0.775837 0.775837 0.775837 0.775837
15.600000 0.827364 0.823471 -0.669475 -0.543127 -0.543127 -0.543127 -0.543127 0.522052 0.522052 0.522052 0.522052
15.620000 0.937402 0.697775 -0.847417 -0.401395 -0.401395 -0.401395 -0.401395 0.209345 0.209345 0.209345 0.209345
15.640000 0.975219 0.514586 -0.952491 -0.240925 -0.240925 -0.240925 -0.240925 -0.127356 -0.127356 -0.127356 -0.127356
15.660000 0.938695 0.289705 -0.974894 -0.064724 -0.064724 -0.064724 -0.064724 -0.449822 -0.449822 -0.449822 -0.449822
15.680000 0.831884 0.040992 -0.912400 0.122107 0.122107 0.122107 0.122107 -0.720960 -0.720960 -0.720960 -0.720960
15.700000 0.664509 -0.213331 -0.770550 0.312364 0.312364 0.312364 0.312364 -0.909193 -0.909193 -0.909193 -0.909193
15.720000 0.450966 -0.456249 -0.562084 0.497063 0.497063 0.497063 0.497063 -0.992254 -0.992254 -0.992254 -0.992254
15.740000 0.208932 -0.673213 -0.305697 0.666084 0.666084 0.666084 0.666084 -0.959925 -0.959925 -0.959925 -0.959925
15.760000 -0.042265 -0.853008 -0.024208 0.809072 0.809072 0.809072 0.809072 -0.815374 -0.815374 -0.815374 -0.815374
15.780000 -0.283340 -0.988176 0.257637 0.916504 0.916504 0.916504 0.916504 -0.574910 -0.574910 -0.574910 -0.574910
15.800000 -0.496671 -1.075008 0.515550 0.980800 0.980800 0.980800 0.980800 -0.266171 -0.266171 -0.266171 -0.266171
15.820000 -0.667663 -1.113162 0.728005 0.997328 0.997328 0.997328 0.997328 0.075062 0.075062 0.075062 0.075062
15.840000 -0.785783 -1.105023 0.878256 0.965164 0.965164 0.965164 0.965164 0.409039 0.409039 0.409039 0.409039
15.860000 -0.845153 -1.054915 0.955867 0.887505 0.887505 0.887505 0.887505 0.696725 0.696725 0.696725 0.696725
15.880000 -0.844712 -0.968299 0.957593 0.771644 0.771644 0.771644 0.771644 0.904417 0.904417 0.904417 0.904417
15.900000 -0.787939 -0.851083 0.887557 0.628492 0.628492 0.628492 0.628492 1.007746 1.007746 1.007746 1.007746
15.920000 -0.682216 -0.709110 0.756685 0.471667 0.471667 0.471667 0.471667 0.994578 0.994578 0.994578 0.994578
15.940000 -0.537919 -0.547894 0.581485 0.316242 0.316242 0.316242 0.316242 0.866468 0.866468 0.866468 0.866468
15.960000 -0.367345 -0.372587 0.382283 0.177274 0.177274 0.177274 0.177274 0.638475 0.638475 0.638475 0.638475
15.980000 -0.183595 -0.188153 0.181111 0.068280 0.068280 0.068280 0.068280 0.337379 0.337379 0.337379 0.337379
16.000000 0.000477 0.000330 -0.000544 -0.000167 -0.000167 -0.000167 -0.000167 -0.001503 -0.001503 -0.001503 -0.001503
